1
33 37 38 34 32 35 33 32 41 33 31 34 28 30 29 32 28 38 33 40 30 28 35 36 27 36 40 28 33 36 
2
34 40 34 41 38 28 29 37 35 33 33 32 37 31 39 32 33 31 24 41 32 22 24 32 23 33 39 43 33 37 
3
32 34 44 30 38 28 30 33 43 32 35 44 34 27 30 33 35 26 37 34 24 29 45 39 42 27 26 31 30 28 
4
40 31 45 35 43 28 26 23 36 32 39 22 31 35 28 40 32 28 31 42 38 37 32 32 29 35 37 34 37 22 
5
50 38 33 29 35 43 31 41 36 30 32 35 31 39 26 26 30 23 29 32 40 31 35 36 28 37 26 28 36 34 
6
57 27 35 39 44 29 34 21 45 35 38 36 36 29 36 28 35 36 34 27 25 25 35 25 36 30 37 32 25 29 
7
55 29 36 36 31 25 34 33 36 42 40 29 38 29 39 20 25 42 25 37 30 39 31 24 35 41 22 27 36 34 
8
67 26 39 41 34 29 32 28 32 32 34 32 30 40 35 27 36 29 29 36 33 29 33 32 33 31 33 28 23 37 
9
59 30 38 22 27 31 34 32 37 37 37 33 30 25 41 32 38 36 32 30 30 28 29 28 27 34 34 29 43 37 
10
64 30 34 33 25 33 23 39 29 38 27 30 31 41 36 33 30 32 31 23 22 31 39 42 44 35 42 27 36 20 
11
40 33 37 39 23 39 28 36 37 32 27 31 25 35 32 39 35 39 31 26 35 30 35 32 31 36 29 41 28 39 
12
50 34 34 27 22 26 33 34 37 39 31 34 21 32 38 31 23 31 31 34 27 29 36 43 41 42 31 28 38 43 
13
39 32 32 32 20 29 41 39 33 21 26 37 38 46 31 33 29 32 49 41 32 33 40 28 29 39 32 29 26 32 
14
29 28 28 29 35 33 34 39 36 31 36 30 34 38 30 29 24 37 26 42 34 45 26 31 34 42 32 50 31 27 
15
42 30 23 43 31 30 33 28 35 38 38 23 31 32 34 29 33 43 32 48 30 34 32 35 36 32 32 34 26 33 
16
31 41 31 25 20 28 36 25 29 33 35 26 27 37 45 34 34 35 41 40 37 36 35 40 28 26 35 42 38 30 
17
24 34 18 35 25 43 25 41 31 42 26 39 29 45 33 39 34 37 38 27 39 43 27 33 27 32 31 31 41 31 
18
20 44 13 37 32 30 35 31 27 28 26 37 34 34 35 22 36 29 32 36 32 43 44 27 43 36 40 31 45 41 
19
25 34 18 30 29 36 37 35 29 36 36 27 32 34 24 39 35 45 39 37 34 29 38 27 42 33 37 43 27 33 
20
24 36 27 36 17 36 28 35 23 33 31 45 26 31 34 39 28 33 44 42 35 32 47 32 26 26 35 38 48 33 
21
10 37 18 38 28 32 25 37 33 44 21 36 48 40 31 37 31 23 39 33 43 34 27 35 23 42 33 48 38 36 
22
14 39 13 37 25 42 28 32 31 31 29 29 37 25 29 34 31 38 38 39 54 42 37 36 44 33 37 22 40 34 
23
17 31 22 28 25 22 40 19 34 36 46 30 42 41 32 35 43 34 30 30 38 38 42 32 34 39 40 27 40 33 
24
14 39 19 32 25 29 35 34 20 24 23 37 41 32 41 42 33 28 43 37 35 31 30 30 46 41 44 40 43 32 
25
18 37 16 41 17 27 38 23 34 31 41 22 32 40 44 28 32 38 31 41 33 37 32 42 36 35 35 43 44 32 
26
13 27 24 27 33 35 25 28 35 41 35 32 35 28 49 34 39 39 38 36 34 32 44 30 29 34 35 32 32 45 
27
14 32 31 35 23 27 26 26 29 32 36 39 43 41 42 25 25 45 32 31 34 29 33 41 38 40 37 31 44 39 
28
11 35 18 25 30 27 36 41 39 28 29 38 32 36 35 28 41 33 31 28 40 40 35 27 38 39 39 45 44 32 
29
18 28 25 25 31 37 28 34 40 27 30 25 28 37 32 36 35 37 52 31 39 42 40 37 39 45 24 49 22 27 
30
16 27 21 30 24 24 31 28 24 34 30 33 39 36 40 39 45 36 31 43 37 39 41 36 40 41 25 36 40 34 
31
16 38 31 27 36 25 38 33 34 33 39 37 24 39 37 33 34 30 46 36 29 39 34 41 38 31 26 28 39 29 
32
16 25 22 26 18 17 27 31 29 30 34 37 34 35 35 42 25 27 49 47 35 33 32 35 42 44 48 40 43 42 
33
18 15 34 26 32 32 26 27 38 37 38 33 28 33 38 36 41 38 42 40 25 26 29 39 42 41 37 40 37 32 
34
23 27 27 21 31 25 29 34 32 23 25 51 46 41 26 44 35 41 36 33 32 39 37 35 30 30 33 38 37 39 
35
15 22 25 24 36 27 32 25 29 31 32 38 33 42 29 34 48 31 28 42 30 36 46 31 41 34 40 35 41 43 
36
13 20 29 22 30 30 30 42 38 27 30 36 38 40 45 22 36 35 36 27 44 35 45 32 25 38 40 39 37 39 
37
13 17 34 25 30 27 30 31 34 33 28 31 45 29 33 36 25 39 42 29 44 44 35 35 35 32 47 40 36 41 
38
6 17 27 25 30 26 35 37 36 26 28 33 30 40 49 20 45 35 39 37 26 32 44 44 33 34 47 38 37 44 
39
20 21 36 25 30 31 33 27 32 27 38 32 36 39 49 32 38 31 29 35 29 37 44 39 37 37 36 38 33 29 
40
21 21 32 34 29 38 27 36 41 26 27 23 39 32 33 39 34 34 43 35 36 41 45 29 37 31 27 36 33 41 
41
14 19 26 30 38 18 33 35 28 25 37 31 36 33 33 48 30 34 31 40 35 29 49 41 41 39 36 41 30 40 
42
14 25 48 30 31 29 38 34 26 27 37 34 38 41 34 31 32 40 31 32 43 39 30 33 41 43 28 33 28 30 
43
16 19 19 20 29 23 33 29 39 37 30 48 32 30 28 39 38 49 39 32 34 44 50 34 36 24 30 47 33 39 
44
11 26 27 34 31 29 31 32 33 36 38 33 23 33 30 52 31 40 37 33 31 42 40 33 47 33 35 24 36 39 
45
17 23 34 38 32 36 29 26 30 34 30 28 43 31 28 23 35 43 43 30 36 44 41 47 24 32 28 36 45 34 
46
16 26 32 29 23 40 25 38 32 41 27 32 41 29 30 35 27 33 52 33 40 30 41 40 31 39 33 38 34 33 
47
20 20 29 23 20 38 41 39 34 35 29 38 25 34 25 39 37 42 35 27 36 29 44 38 46 34 40 38 25 40 
48
17 21 34 38 33 41 25 39 33 30 35 42 34 31 47 30 32 42 26 39 39 32 26 32 35 40 32 35 34 26 
49
22 21 29 27 26 32 39 49 24 28 27 25 34 37 35 41 41 30 40 44 23 42 29 40 41 39 35 37 27 36 
50
15 24 21 40 32 44 36 35 31 37 37 29 38 29 37 21 37 31 41 26 28 44 41 34 38 37 45 32 32 28 
51
19 22 28 40 41 34 31 44 29 37 29 35 38 36 25 28 30 21 41 35 37 30 31 32 37 32 54 30 32 42 
52
17 24 32 35 28 37 28 39 23 39 38 44 30 35 32 33 31 42 34 39 28 40 29 35 33 49 26 38 35 27 
53
20 28 19 39 28 28 28 35 38 44 33 40 42 29 33 44 33 31 24 38 42 26 39 35 26 34 38 34 34 38 
54
16 20 27 39 31 32 43 37 28 35 32 40 27 29 44 29 28 36 43 29 39 24 42 39 31 41 32 34 31 42 
55
14 19 23 35 34 32 35 41 26 42 27 23 42 37 43 29 45 38 34 28 44 33 39 32 34 31 32 32 39 37 
56
16 23 28 43 29 43 34 39 35 31 29 44 25 37 32 39 44 26 32 32 37 41 26 34 31 38 33 27 40 32 
57
13 25 30 35 26 35 33 41 36 29 41 39 42 36 34 38 23 26 37 32 34 35 36 33 28 33 36 29 39 46 
58
15 22 31 35 23 48 33 32 33 37 36 42 27 44 33 27 29 23 40 40 31 36 30 34 49 36 29 36 38 31 
59
17 21 33 34 36 41 41 45 28 31 34 31 34 34 48 42 36 30 27 38 39 36 26 33 29 26 34 32 30 34 
60
24 17 18 36 33 44 30 28 40 39 37 31 32 31 29 42 36 35 39 33 35 31 35 34 35 25 45 40 30 36 
61
18 22 24 33 35 32 30 42 28 33 27 42 25 35 38 37 27 35 32 33 43 34 38 34 38 37 32 44 42 30 
62
15 26 20 34 29 36 37 32 29 42 38 26 40 29 28 35 33 39 36 34 39 34 42 38 41 37 40 33 26 32 
63
22 17 26 28 34 41 32 47 31 37 50 31 44 28 34 30 45 33 42 41 25 34 28 31 33 26 29 32 36 33 
64
21 13 31 33 37 34 41 37 23 32 40 39 39 42 41 32 36 32 35 26 37 25 41 34 28 39 44 34 26 28 
65
16 15 27 25 33 40 27 29 32 40 36 40 37 34 49 42 36 27 34 35 29 38 27 33 39 41 41 32 39 27 
66
15 26 22 25 37 29 32 51 34 34 35 25 37 34 32 36 45 40 33 31 36 31 39 31 39 40 37 32 35 27 
67
20 16 16 32 33 49 31 37 36 37 34 44 41 37 34 41 40 25 34 27 43 29 34 30 44 33 22 30 36 35 
68
11 21 26 34 30 30 31 38 31 38 40 35 44 46 27 35 46 39 31 32 27 38 33 36 27 46 42 30 26 30 
69
14 13 30 32 21 34 32 45 39 34 30 38 36 38 41 29 28 41 36 35 33 35 43 33 33 39 28 36 41 33 
70
18 17 19 39 35 34 33 34 34 32 38 29 33 31 30 31 30 32 39 30 39 34 51 41 37 38 32 42 37 31 
71
12 15 23 31 42 32 37 38 26 45 37 41 33 33 41 38 34 35 31 29 38 30 46 34 34 32 32 32 28 41 
72
14 18 29 32 40 31 31 40 34 31 42 29 32 43 32 35 39 41 27 42 33 31 29 30 40 37 37 34 30 37 
73
20 16 34 26 33 30 44 33 38 31 42 33 41 36 37 33 20 25 33 38 29 30 19 40 31 36 49 34 41 48 
74
25 12 35 30 44 42 24 30 33 39 32 31 47 39 39 35 29 40 35 37 25 31 32 38 33 31 32 39 29 32 
75
11 16 29 42 37 44 28 36 30 41 30 35 35 41 37 28 27 39 43 35 23 32 49 34 25 35 39 33 32 34 
76
19 24 28 31 42 36 34 42 32 37 31 40 33 34 35 31 37 36 34 33 22 38 36 35 29 32 38 32 41 28 
77
14 25 31 30 40 46 34 38 37 40 28 31 40 35 35 32 34 35 33 31 29 30 30 39 19 41 36 37 37 33 
78
22 21 31 41 33 26 38 38 39 37 42 40 29 43 33 25 34 46 46 29 22 32 28 30 35 29 38 37 23 33 
79
15 21 33 24 34 31 48 32 38 35 38 28 31 31 43 32 39 33 35 33 42 32 34 45 28 43 42 25 22 33 
80
11 19 35 40 36 47 31 32 29 35 37 43 39 32 29 31 39 29 45 43 33 38 27 35 33 41 22 27 36 26 
81
21 23 29 35 41 33 44 37 28 47 32 28 41 45 34 35 35 31 35 39 36 26 24 31 29 43 30 29 33 26 
82
18 17 27 41 47 35 41 39 38 41 37 29 34 34 42 31 31 30 33 22 24 26 34 35 42 30 38 41 30 33 
83
17 25 37 28 36 37 38 41 44 37 32 23 31 30 47 41 31 28 31 28 46 35 27 35 24 34 35 32 44 26 
84
20 21 42 40 37 38 39 32 36 31 25 33 37 36 31 32 35 37 28 37 23 27 29 28 43 36 33 42 39 33 
85
27 25 32 31 39 38 35 36 33 28 31 29 26 40 31 33 37 36 34 32 38 34 32 36 34 36 36 35 37 29 
86
22 31 39 36 39 36 36 33 48 29 36 26 41 37 31 32 33 40 33 27 25 30 32 45 22 34 26 39 26 36 
87
20 34 30 50 30 37 28 42 30 37 42 38 30 31 30 39 31 30 37 29 27 33 33 30 38 35 29 29 35 36 
88
22 23 36 35 45 43 41 34 35 31 26 31 35 39 33 42 31 32 35 22 29 38 26 32 27 40 46 38 27 26 
89
20 29 24 31 38 36 39 46 29 41 38 27 35 25 37 35 42 36 34 32 36 36 23 43 30 31 29 33 30 35 
90
11 29 35 26 42 38 42 32 30 41 25 29 32 29 38 39 36 40 35 29 29 42 28 37 34 39 28 38 33 34 
91
17 28 28 40 43 49 29 31 45 39 35 22 33 32 24 28 34 30 34 31 33 33 42 40 36 32 40 34 28 30 
92
25 22 41 36 31 44 32 29 44 30 28 36 26 40 32 41 38 30 40 41 31 29 36 26 28 33 32 44 31 24 
93
29 30 27 45 33 41 35 44 36 41 34 35 18 27 37 31 24 29 25 42 36 35 43 41 26 33 30 28 31 34 
94
21 34 32 43 29 39 35 38 41 38 33 31 32 25 29 38 38 36 33 42 26 24 22 36 34 26 33 29 47 36 
95
19 29 39 37 40 31 37 44 30 33 29 20 41 56 31 26 41 31 28 45 29 23 35 29 29 35 38 26 35 34 
96
25 30 34 35 30 42 35 41 31 31 16 42 34 34 30 28 43 38 40 38 35 37 28 35 38 32 37 27 25 29 
97
29 37 36 27 35 38 38 30 35 41 33 36 41 28 33 33 30 29 26 20 36 34 30 32 38 35 38 20 38 44 
98
16 32 33 44 34 55 35 33 31 40 36 36 32 27 23 35 29 27 28 46 32 38 33 33 31 30 32 35 33 31 
99
22 34 40 38 38 32 38 41 24 26 29 33 35 35 41 34 39 20 32 43 38 29 33 36 38 32 27 34 27 32 
100
22 22 38 35 31 44 45 44 34 49 26 44 24 30 32 23 27 34 30 38 33 36 36 28 43 33 31 27 29 32 
101
22 26 18 36 37 44 37 48 36 45 36 34 37 29 43 23 33 35 39 31 27 28 39 24 27 33 30 37 31 35 
102
21 18 29 32 39 40 34 33 24 39 42 40 31 42 30 34 37 41 20 42 39 38 33 24 43 30 23 39 31 32 
103
23 28 24 44 32 25 35 30 38 37 21 49 31 26 36 34 36 38 34 30 42 31 27 42 34 26 34 38 41 34 
104
16 17 31 34 32 38 42 30 33 44 26 38 36 36 34 34 40 38 42 35 37 28 36 26 39 30 30 37 28 33 
105
21 26 33 37 31 36 33 37 44 34 29 31 40 34 33 41 30 40 39 37 33 36 30 32 28 41 28 32 24 30 
106
15 22 26 30 39 34 41 51 27 36 43 32 36 31 35 38 28 32 36 32 29 29 42 33 35 30 31 37 39 31 
107
11 29 24 29 34 29 32 34 34 33 39 41 34 44 40 36 31 37 28 29 37 35 33 38 36 26 41 40 29 37 
108
12 25 24 37 31 29 33 39 47 42 28 40 37 32 38 35 41 37 36 31 33 25 34 32 26 34 42 26 38 36 
109
14 23 29 44 27 44 32 31 34 44 35 32 30 33 39 44 34 25 35 29 36 24 24 35 49 33 36 37 31 37 
110
14 19 22 33 39 36 30 41 36 41 38 35 38 27 41 25 38 34 49 29 36 34 27 31 32 33 41 37 32 32 
111
11 21 22 37 40 44 30 33 34 31 37 34 46 33 41 37 38 44 39 28 32 34 28 29 33 31 47 22 31 33 
112
24 25 27 30 32 41 34 37 35 35 31 32 34 43 31 39 30 33 27 27 42 41 32 36 31 32 29 27 35 48 
113
17 22 30 35 31 22 35 34 33 30 27 36 42 32 31 36 42 36 31 34 25 27 35 48 52 35 33 41 33 35 
114
11 21 27 43 24 28 27 32 35 26 35 30 36 46 34 33 40 36 34 21 39 38 44 28 46 42 42 35 30 37 
115
22 24 31 41 35 40 30 43 30 30 30 28 38 28 43 36 30 34 21 34 29 35 41 38 38 35 36 30 34 36 
116
24 28 24 36 22 29 26 30 31 43 36 22 31 41 37 40 39 34 50 33 38 38 25 30 53 29 30 38 33 30 
117
17 20 26 36 21 35 31 37 26 43 44 33 40 48 45 30 25 28 32 37 30 37 47 27 33 35 35 26 44 32 
118
19 18 28 37 36 34 26 49 35 34 36 34 33 17 30 37 40 26 46 35 36 34 38 31 32 40 26 41 40 32 
119
17 24 21 29 39 39 44 37 31 35 37 46 33 28 42 34 42 38 28 36 26 32 31 30 44 23 33 42 33 26 
120
24 20 26 33 32 28 44 47 36 28 33 34 27 37 40 30 39 45 38 34 33 45 28 31 40 27 25 30 34 32 
121
19 19 20 38 24 39 40 43 26 37 37 35 39 31 33 41 34 37 36 36 33 23 39 41 27 32 36 44 32 29 
122
16 21 27 33 35 27 35 30 39 46 45 28 36 39 34 32 39 34 41 37 27 30 35 35 39 35 25 35 38 27 
123
19 26 25 28 30 39 33 36 34 45 32 30 34 32 33 47 36 28 28 29 44 44 34 34 46 24 29 42 30 29 
124
11 29 21 38 30 35 28 43 42 42 30 32 37 36 35 40 36 38 36 32 32 33 41 37 42 36 32 26 20 30 
125
10 27 20 46 28 43 39 37 31 33 39 33 42 24 46 41 23 38 47 30 30 41 21 36 28 44 30 37 29 27 
126
16 17 21 35 38 35 29 30 37 39 33 29 37 38 37 31 29 46 39 38 45 29 45 32 32 34 33 39 26 31 
127
6 22 24 32 35 41 39 20 27 32 43 30 48 39 28 39 39 34 34 37 32 39 33 38 35 36 35 35 36 32 
128
18 22 26 37 34 33 32 35 38 43 35 36 36 34 39 29 38 37 34 32 31 32 38 30 28 29 28 33 46 37 
129
15 19 37 35 29 45 37 28 32 32 31 34 42 31 32 37 38 38 32 34 27 39 32 30 30 36 40 33 34 41 
130
16 21 26 45 33 40 41 36 25 31 32 39 34 33 54 39 31 35 32 34 27 34 26 36 37 26 30 36 29 42 
131
6 20 24 31 34 37 31 35 21 39 37 42 31 50 38 34 28 37 32 44 39 34 30 35 31 30 33 38 44 35 
132
9 16 17 36 28 37 37 50 34 41 29 38 34 34 33 25 45 31 32 43 39 40 29 42 23 37 34 33 35 39 
133
14 24 31 36 26 33 32 40 42 39 36 42 44 33 40 26 27 19 21 42 40 43 43 30 37 28 34 24 41 33 
134
11 19 36 34 25 31 27 35 49 46 41 48 31 45 32 38 34 27 19 42 31 32 19 40 30 29 30 46 28 45 
135
19 20 30 38 36 42 29 33 32 38 33 34 33 31 41 38 33 36 30 34 35 42 36 38 46 25 30 26 33 29 
136
15 28 32 42 30 39 32 38 34 44 35 33 35 36 35 34 28 31 29 31 42 49 27 41 28 22 35 29 33 33 
137
22 16 28 42 33 42 36 37 29 42 37 39 54 40 37 39 28 29 24 39 29 31 30 26 29 36 31 32 30 33 
138
20 15 28 38 38 40 37 33 32 19 38 33 34 34 34 32 37 33 38 38 36 34 35 35 35 32 32 40 25 45 
139
15 22 23 39 42 36 37 37 37 38 31 33 38 33 33 38 22 35 27 30 41 38 35 31 36 42 31 31 35 34 
140
19 22 31 38 32 25 45 35 35 31 30 29 28 38 40 33 57 30 39 41 28 32 28 31 33 40 23 40 41 26 
141
27 26 33 39 20 46 34 35 35 41 35 34 28 37 29 30 34 31 30 28 29 38 40 23 35 33 33 39 32 46 
142
19 33 39 31 44 47 30 43 45 35 32 38 35 30 30 33 38 21 29 36 33 31 24 37 31 27 30 30 33 36 
143
17 27 25 39 32 38 37 29 37 42 50 32 17 30 39 30 38 43 30 38 38 28 33 43 33 41 27 28 28 31 
144
22 21 31 50 40 38 42 41 36 38 43 39 34 32 41 30 31 37 35 29 23 38 28 32 33 28 29 32 17 30 
145
22 31 40 35 39 29 43 49 37 45 38 34 30 32 38 31 34 33 28 24 24 37 25 32 36 30 42 24 26 32 
146
24 27 32 38 40 45 38 40 39 40 36 31 32 39 37 29 37 35 37 25 25 26 32 38 30 23 34 27 32 32 
147
21 32 37 37 37 39 38 36 38 47 39 31 32 32 31 37 21 33 25 29 24 28 32 36 37 44 37 42 30 18 
148
25 33 24 43 39 47 38 37 34 37 26 38 34 30 23 28 35 36 35 34 46 22 29 32 32 28 34 34 29 38 
149
16 19 30 40 29 45 42 41 28 41 32 38 39 38 30 40 36 28 27 29 30 42 35 37 29 22 33 32 41 31 
150
14 23 40 40 36 40 32 32 39 36 42 38 26 36 31 29 36 23 31 41 29 42 34 26 36 48 35 24 34 27 
151
24 29 25 56 34 42 31 32 36 39 33 32 30 42 36 27 26 39 41 34 27 31 31 31 28 47 29 30 27 31 
152
10 32 32 43 35 29 49 36 36 41 39 35 32 31 35 30 40 35 27 30 35 36 38 35 36 32 33 26 27 25 
153
26 32 39 39 47 41 40 34 43 39 41 37 42 22 30 40 33 43 31 25 29 25 23 33 23 33 35 26 32 17 
154
20 24 40 35 35 29 39 42 32 28 31 37 42 35 44 44 32 35 35 25 26 37 34 34 40 34 30 26 24 31 
155
17 31 26 53 39 41 37 37 24 30 28 36 33 30 45 32 37 32 36 31 38 21 31 33 48 21 39 22 35 37 
156
12 35 30 39 36 42 39 37 27 31 31 40 38 40 37 48 31 29 26 29 20 31 38 37 32 32 26 34 35 38 
157
22 25 31 37 27 41 32 36 32 35 34 42 35 29 43 35 24 27 29 34 32 26 35 39 28 35 55 34 41 25 
158
21 31 26 32 35 39 35 41 38 39 39 32 37 31 36 47 39 39 43 36 19 28 34 28 21 39 27 29 35 24 
159
20 26 34 37 36 38 29 42 41 35 36 31 34 30 40 31 26 30 40 39 30 31 31 40 33 27 36 33 37 27 
160
14 32 24 37 40 46 31 36 40 42 34 23 32 44 46 40 30 31 26 43 38 35 41 21 35 22 28 30 26 33 
161
17 30 31 36 36 33 31 45 34 37 38 36 38 33 38 31 31 30 35 34 41 35 31 37 32 38 28 41 26 17 
162
19 26 29 38 38 39 33 33 37 44 38 32 29 39 33 26 30 39 26 36 36 44 25 40 40 34 29 30 29 29 
163
13 23 31 40 34 39 45 44 43 42 37 45 39 36 30 40 25 21 24 36 37 26 38 29 24 29 32 40 33 25 
164
15 20 30 46 32 42 32 39 23 33 44 38 32 37 32 45 40 32 30 31 43 31 34 29 27 29 32 33 39 30 
165
21 27 27 34 36 48 35 34 34 49 28 37 37 31 37 42 31 39 40 43 23 37 35 26 33 21 27 22 33 33 
166
18 19 24 42 27 42 34 34 44 41 46 40 30 32 33 48 39 38 28 26 33 25 25 39 26 34 39 31 33 30 
167
19 21 33 30 33 29 48 45 40 32 41 36 36 45 39 35 29 29 36 28 29 34 44 31 28 32 34 24 37 23 
168
11 30 26 40 36 34 36 39 29 35 29 39 38 36 32 40 29 40 31 41 32 34 29 31 29 39 38 25 41 31 
169
18 17 33 35 29 34 36 52 34 27 34 34 29 36 29 35 37 29 32 30 35 30 37 37 37 27 34 37 45 41 
170
13 19 28 41 42 42 30 33 30 42 29 33 42 41 23 34 35 40 28 43 31 30 41 32 35 29 33 31 35 35 
171
15 21 24 31 46 33 33 46 36 40 33 41 31 41 38 33 23 33 32 45 38 30 26 27 39 35 28 32 32 38 
172
7 23 29 32 35 37 40 54 38 28 34 35 34 33 32 41 33 44 28 38 46 32 26 39 34 33 31 22 33 29 
173
10 22 24 25 34 41 42 37 47 37 27 37 33 35 37 40 35 38 30 30 35 32 37 34 39 29 34 31 30 38 
174
15 12 22 41 37 36 33 32 25 51 44 40 40 36 35 43 39 42 28 22 21 30 38 38 42 29 33 30 32 34 
175
13 23 15 33 32 28 33 48 24 33 34 42 39 34 35 31 28 42 31 45 32 33 30 52 30 46 37 34 33 30 
176
14 21 19 39 37 29 23 40 43 30 35 42 28 41 25 40 42 31 37 38 44 40 33 28 40 42 29 31 29 30 
177
14 14 23 31 32 39 38 35 48 46 35 45 36 33 40 31 30 36 32 26 42 39 41 35 34 27 25 29 31 33 
178
9 15 22 27 37 43 28 27 38 41 47 38 36 36 41 38 39 31 30 32 36 39 28 35 40 24 33 43 28 39 
179
13 12 19 25 42 31 35 37 33 38 35 27 41 42 34 30 45 40 35 29 38 34 31 34 45 32 29 38 43 33 
180
12 12 23 35 34 33 43 47 39 43 34 31 39 43 23 27 36 26 37 43 32 42 39 22 32 30 36 28 42 37 
181
16 15 28 33 45 39 44 30 27 32 27 38 26 31 42 37 30 41 54 29 27 40 34 23 31 41 36 35 32 37 
182
14 22 20 21 33 41 40 33 42 36 41 38 41 22 32 32 28 43 32 37 34 41 36 51 36 44 26 30 21 33 
183
19 21 23 46 31 34 36 38 29 35 37 26 32 31 45 43 40 26 38 25 35 30 29 36 32 37 41 38 34 33 
184
14 20 27 45 29 43 38 36 37 38 37 45 35 47 34 24 30 30 32 23 26 45 34 31 41 41 24 30 33 31 
185
13 16 13 29 36 38 47 40 42 45 35 39 33 37 28 23 32 41 27 23 38 40 35 37 24 47 40 40 29 33 
186
5 15 24 29 36 27 39 36 43 42 46 27 34 44 27 35 38 32 38 38 33 39 37 34 30 37 38 36 29 32 
187
7 15 18 31 46 41 36 40 38 37 33 35 37 47 48 34 32 53 30 36 30 30 33 27 38 36 28 34 25 25 
188
17 18 19 36 30 37 30 47 27 28 46 41 24 39 34 40 42 33 30 37 36 30 37 38 32 38 31 34 38 31 
189
16 21 29 27 36 36 24 44 39 33 37 25 41 46 34 30 33 31 47 35 25 36 31 42 43 34 34 30 32 29 
190
12 19 20 34 26 34 38 31 33 37 42 45 35 39 39 25 27 34 35 38 38 39 51 22 32 47 25 27 28 48 
191
17 21 22 38 32 54 33 40 30 36 31 38 39 34 42 36 27 31 32 30 39 36 47 40 34 27 25 22 24 43 
192
16 16 26 37 33 30 35 37 37 40 42 33 39 33 39 45 36 34 40 35 33 35 30 39 29 30 33 27 36 25 
193
13 20 30 41 28 37 29 48 36 44 32 41 35 35 39 28 32 25 32 31 31 34 29 34 34 29 48 40 37 28 
194
11 25 21 35 32 31 36 43 40 51 43 39 42 28 36 34 36 28 31 43 32 31 31 31 37 30 30 29 34 30 
195
10 30 25 30 34 39 44 34 35 33 34 37 36 37 43 36 40 42 26 38 36 31 42 32 31 22 39 25 25 34 
196
16 24 31 18 40 32 28 44 44 37 39 46 43 32 42 28 24 37 33 33 35 31 40 33 35 32 30 30 35 28 
197
24 31 27 39 31 33 24 29 38 39 36 33 31 35 38 35 28 42 30 28 31 40 31 27 35 37 40 30 44 34 
198
16 22 17 42 35 43 34 37 40 39 31 37 39 43 31 28 37 28 28 35 33 29 38 41 33 37 33 26 35 33 
199
11 23 24 39 31 36 44 37 35 34 33 44 37 34 34 39 34 24 38 49 28 39 31 27 33 32 37 24 34 35 
200
21 23 24 34 35 38 40 42 43 25 43 37 24 29 34 38 35 31 32 48 32 25 36 33 33 38 32 38 28 29 
201
11 17 28 40 41 42 32 30 43 33 23 32 22 40 36 29 40 42 38 36 24 33 29 44 34 36 35 41 34 35 
202
15 28 22 28 34 29 41 45 41 31 37 41 26 34 39 42 41 35 39 36 35 28 36 28 37 33 25 23 33 38 
203
24 32 24 37 39 28 39 41 31 44 41 42 26 32 31 33 35 31 40 30 34 35 40 28 33 25 30 26 36 33 
204
30 29 31 30 31 33 39 40 38 30 34 32 34 36 36 24 33 32 43 26 36 32 35 46 28 38 21 27 42 34 
205
22 32 40 25 40 34 30 34 34 38 26 38 31 30 36 26 43 33 31 40 23 35 36 30 28 39 36 33 44 33 
206
24 34 31 43 36 44 40 45 40 28 37 36 27 41 24 27 29 26 28 40 30 38 39 36 33 34 29 35 22 24 
207
18 33 41 40 31 47 34 31 40 26 35 26 34 42 51 35 30 40 39 22 30 31 39 44 24 29 30 23 31 24 
208
27 25 38 26 39 36 26 33 43 36 25 31 35 37 22 32 28 37 31 42 40 41 33 34 31 32 36 39 27 38 
209
26 26 30 43 45 41 41 35 42 27 36 27 36 41 27 34 28 24 35 35 35 29 37 28 32 34 30 28 31 37 
210
24 39 37 37 30 39 38 27 39 32 31 29 40 41 37 34 39 32 34 33 34 26 26 22 34 31 34 43 34 24 
211
26 20 23 44 32 44 40 34 42 35 29 36 40 32 36 38 33 28 27 35 40 28 33 32 27 38 33 26 34 35 
212
18 32 39 62 33 47 31 32 39 29 38 36 27 31 35 31 27 30 35 42 31 36 25 30 44 30 31 29 30 20 
213
27 32 32 40 37 48 41 33 29 34 28 29 41 38 38 31 32 33 25 41 27 42 31 28 31 41 30 31 26 24 
214
28 25 30 51 38 31 40 43 27 39 39 38 31 26 40 24 43 35 40 37 35 32 32 25 26 31 19 40 25 30 
215
23 28 43 35 33 29 36 40 45 45 28 39 37 34 49 37 23 25 38 31 35 38 28 29 31 31 31 23 20 36 
216
32 28 24 44 39 43 38 34 36 37 35 36 38 38 28 30 39 26 36 40 28 36 36 29 26 32 27 30 21 34 
217
24 39 33 37 34 47 43 42 33 38 37 37 31 28 40 35 26 34 32 30 41 28 31 20 34 24 42 27 25 28 
218
28 27 34 47 44 46 44 39 43 34 38 20 34 35 25 26 38 39 26 36 32 25 23 28 29 49 32 32 17 30 
219
20 34 32 31 43 38 45 38 34 30 19 39 43 39 34 33 26 27 29 35 30 25 28 38 38 44 32 31 34 31 
220
24 23 30 35 31 38 39 43 35 40 42 43 39 25 21 33 25 37 36 27 34 29 28 39 44 21 36 30 34 39 
221
15 28 28 46 42 41 29 30 33 31 32 40 34 38 39 32 28 30 38 29 32 46 30 37 22 35 39 34 31 31 
222
17 26 27 40 34 34 38 47 32 38 46 42 30 33 39 32 25 27 30 34 28 44 29 45 31 32 23 32 39 26 
223
27 31 19 33 32 46 40 32 41 36 40 32 33 37 40 32 26 44 30 36 26 22 32 39 34 36 31 40 25 28 
224
24 23 25 27 34 31 44 37 35 33 30 28 36 33 39 32 37 35 35 32 33 40 33 39 37 34 36 31 24 43 
225
20 24 19 40 32 43 37 37 38 42 39 29 43 40 35 36 40 35 38 30 26 40 28 28 28 33 21 36 36 27 
226
13 27 32 36 30 40 37 43 28 39 39 33 33 39 43 36 31 41 39 37 27 32 32 25 26 33 23 28 40 38 
227
15 22 21 33 34 40 40 32 33 32 27 42 47 44 23 27 38 42 38 34 39 29 30 42 28 25 36 38 37 32 
228
19 27 29 32 40 39 39 35 33 39 37 43 45 34 39 22 28 33 24 35 38 33 31 25 35 39 33 25 33 36 
229
17 23 27 40 29 36 43 27 29 35 34 40 31 40 35 33 36 25 37 40 40 27 39 34 25 28 31 42 47 30 
230
13 28 20 36 28 40 33 38 42 40 37 28 40 34 44 29 39 29 33 33 26 37 30 39 28 31 33 32 33 47 
231
18 16 39 29 40 37 35 41 28 39 37 33 44 28 46 42 36 36 33 36 26 38 37 27 29 28 33 29 32 28 
232
15 18 21 31 33 24 43 43 51 32 34 34 44 33 33 29 29 43 26 36 34 38 39 38 36 27 39 33 34 30 
233
24 15 27 37 25 40 40 36 33 26 35 28 26 37 33 40 48 39 41 31 29 41 33 35 32 32 41 40 31 25 
234
27 29 34 31 32 38 47 34 34 35 33 29 35 25 31 27 33 32 36 30 43 34 35 27 42 26 34 28 44 35 
235
21 19 26 29 38 24 36 39 45 27 37 30 40 43 30 33 37 29 37 22 45 34 28 22 36 44 38 37 34 40 
236
22 23 30 35 37 34 43 30 32 42 39 35 42 38 29 32 44 35 41 28 34 37 28 35 32 28 26 35 29 25 
237
15 22 27 27 30 31 45 41 33 36 35 25 40 46 24 35 54 33 39 39 33 35 36 33 31 29 34 30 28 34 
238
13 22 24 30 38 37 34 32 31 29 30 36 42 28 43 34 36 41 35 38 38 34 44 36 32 45 30 27 30 31 
239
11 15 19 32 37 42 32 31 34 48 43 38 28 38 23 28 36 38 37 33 37 41 36 34 39 29 31 26 38 46 
240
14 13 17 30 30 40 36 43 47 37 46 44 38 41 32 31 40 31 32 31 36 24 32 30 37 31 34 40 34 29 
241
14 9 19 28 40 32 43 34 34 33 49 38 25 32 41 35 34 39 35 41 40 28 36 30 39 25 40 27 41 39 
242
9 17 13 31 38 32 39 43 37 31 35 36 44 31 43 32 35 39 29 30 36 34 34 31 38 33 35 33 41 41 
243
12 19 27 28 40 31 44 24 46 40 38 38 27 21 37 39 43 32 43 32 30 36 35 28 38 33 36 35 35 33 
244
10 21 36 26 24 30 52 31 45 34 31 35 39 37 33 31 30 37 33 40 37 46 29 28 31 26 31 33 42 42 
245
20 20 25 35 24 34 28 34 22 50 41 31 42 36 36 30 35 31 39 40 46 23 37 40 35 44 34 30 29 29 
246
16 14 18 30 35 36 37 33 41 30 39 36 43 30 26 31 34 37 43 34 40 33 31 40 36 36 32 44 27 38 
247
20 25 25 29 40 37 37 37 31 28 37 37 37 32 42 35 43 32 36 30 36 33 40 33 31 39 23 31 28 36 
248
15 21 22 36 35 27 35 35 37 36 23 36 39 28 48 36 40 39 35 37 29 29 34 33 38 32 38 36 26 45 
249
13 18 20 38 27 36 37 39 38 34 40 39 32 48 32 34 39 39 34 31 22 35 36 40 34 32 32 33 30 38 
250
17 24 23 24 39 43 46 32 29 28 36 35 40 33 39 32 50 37 34 40 27 31 38 43 18 37 41 33 28 23 
251
7 18 25 29 40 31 36 31 40 36 37 38 29 30 30 30 35 43 43 47 28 30 37 41 36 32 33 36 42 30 
252
16 21 24 32 43 41 38 31 41 25 38 36 43 39 39 40 25 38 31 37 41 25 30 41 31 25 31 38 35 25 
253
14 24 17 33 38 45 41 34 26 40 35 32 29 37 41 36 30 24 37 25 41 53 31 28 28 40 34 32 39 36 
254
18 24 23 30 41 46 34 47 38 33 39 30 32 30 46 48 40 50 31 21 31 39 25 35 24 30 29 31 27 28 
255
14 25 25 33 34 30 36 34 38 41 39 32 43 33 25 35 33 36 32 36 35 42 39 26 42 25 31 40 30 36 
256
14 27 15 38 37 35 43 37 37 36 40 26 25 30 34 51 29 40 35 32 41 41 30 29 34 32 30 34 29 39 
257
15 21 26 32 32 32 27 41 29 40 37 30 43 40 30 33 41 26 38 32 30 33 29 44 46 32 34 43 25 39 
258
10 30 35 40 34 35 34 40 54 34 33 34 45 22 35 35 33 27 23 32 34 36 32 28 43 37 41 25 29 30 
259
13 27 23 29 26 29 41 29 39 35 32 52 55 31 36 39 32 42 35 33 41 37 31 30 26 28 28 34 30 37 
260
19 22 23 46 43 37 38 35 40 28 45 35 38 35 37 34 36 36 37 26 27 29 20 34 31 28 32 44 39 26 
261
13 22 38 34 40 23 31 32 35 43 52 41 29 39 38 34 44 34 33 28 32 35 29 28 25 26 36 40 33 33 
262
16 26 21 46 42 51 30 38 49 26 40 31 40 30 32 29 27 41 39 29 36 35 34 31 28 33 34 30 29 27 
263
15 26 30 34 26 37 48 39 41 38 33 41 32 34 34 37 26 48 38 40 45 22 37 37 27 27 30 34 18 26 
264
22 22 34 36 45 47 34 36 39 36 41 41 31 32 37 36 33 35 27 31 26 39 38 34 28 19 33 29 24 35 
265
16 19 29 32 36 34 33 32 25 39 36 28 33 34 51 31 37 35 31 40 30 35 41 32 32 42 30 41 29 37 
266
19 30 31 32 36 43 34 35 35 43 39 33 40 30 36 41 30 25 30 36 33 34 30 27 43 28 31 26 33 37 
267
15 27 28 35 31 54 38 37 44 34 49 30 33 32 39 36 29 32 27 29 29 45 40 32 26 32 31 33 27 26 
268
21 36 38 47 27 39 29 34 39 28 37 37 36 33 29 33 24 33 29 43 34 35 27 38 36 35 22 35 32 34 
269
18 25 24 34 51 32 35 37 45 40 43 31 31 37 41 39 39 31 30 30 24 27 36 30 28 37 34 27 24 40 
270
18 20 33 29 42 47 37 41 28 38 32 35 34 26 35 39 36 35 29 31 43 23 37 34 37 26 30 43 27 35 
271
11 29 32 47 32 35 45 42 39 31 32 39 35 39 32 31 29 35 26 33 26 37 29 36 34 31 29 28 51 25 
272
17 21 24 33 39 42 40 42 34 40 32 32 42 30 33 37 35 36 29 27 31 39 33 40 34 34 29 28 35 32 
273
15 33 28 33 34 29 32 47 40 35 36 43 39 41 33 34 36 36 29 35 34 30 35 29 31 31 30 36 26 30 
274
16 27 27 34 36 40 38 43 37 35 39 31 28 36 41 36 43 27 33 27 34 24 28 33 51 35 28 34 32 27 
275
19 23 34 27 43 37 36 48 38 33 37 27 36 33 39 42 29 30 38 34 30 37 30 31 27 36 39 27 33 27 
276
19 14 19 34 42 38 37 37 37 26 40 48 40 36 30 37 34 34 36 21 41 32 35 35 26 38 32 37 35 30 
277
19 29 21 30 35 50 36 41 36 37 39 29 41 41 29 38 36 28 33 39 18 33 26 30 35 24 34 35 38 40 
278
22 23 27 26 24 43 38 42 39 28 37 36 40 32 38 43 35 37 31 34 35 29 37 31 33 38 39 29 34 20 
279
22 28 24 32 42 42 28 29 47 37 37 23 33 40 44 39 27 26 35 28 31 29 27 38 39 34 41 33 34 31 
280
20 22 16 39 23 33 43 39 44 46 44 29 26 39 29 33 25 35 38 45 35 29 43 34 30 36 32 30 33 30 
281
15 25 19 30 39 34 30 41 34 47 41 38 23 36 41 27 32 36 35 30 38 36 39 32 37 29 30 36 27 43 
282
12 21 25 38 39 20 36 37 40 38 34 37 39 32 43 27 37 36 28 37 37 28 40 29 35 36 32 39 31 37 
283
18 14 27 35 40 30 25 34 27 43 30 46 44 31 35 43 34 25 28 44 41 41 34 29 38 26 32 36 39 31 
284
9 25 28 43 50 31 30 47 47 44 37 39 35 38 24 26 32 37 34 27 32 32 37 26 31 33 36 36 21 33 
285
21 16 21 42 29 35 38 41 37 28 44 25 35 35 31 32 43 38 47 38 32 32 35 35 32 26 36 28 35 33 
286
21 31 22 37 36 34 33 38 29 40 43 29 31 33 38 31 41 28 29 25 36 43 47 36 33 25 41 26 26 38 
287
22 23 30 23 42 45 36 34 48 39 32 33 29 36 38 36 37 39 29 32 22 35 41 26 29 31 30 31 44 28 
288
16 24 16 37 31 41 39 35 38 42 40 29 33 30 30 35 29 26 41 52 29 29 46 37 43 36 19 35 21 41 
289
13 22 20 30 33 34 36 42 43 35 37 28 36 39 32 43 32 25 30 31 41 30 44 39 36 31 31 37 36 34 
290
9 26 23 38 29 51 40 30 35 32 42 35 27 32 32 47 29 46 34 33 24 31 37 37 34 30 31 34 39 33 
291
15 12 18 32 41 38 34 45 36 37 41 35 34 38 36 43 46 32 33 30 38 29 33 28 32 28 30 37 31 38 
292
16 25 22 33 32 34 33 24 46 32 51 36 31 37 29 37 35 38 41 24 33 38 30 35 26 42 37 42 30 31 
293
12 16 21 28 40 29 41 43 41 26 33 39 30 44 41 31 35 35 38 46 34 35 33 35 38 30 40 35 22 29 
294
16 18 30 34 41 30 46 37 39 31 33 30 35 40 36 34 23 44 31 45 29 35 26 39 31 37 28 25 33 44 
295
13 28 19 34 41 30 46 25 32 37 30 36 30 47 53 36 29 22 34 35 30 38 34 38 35 37 29 41 30 31 
296
13 25 27 29 23 24 46 40 36 45 44 38 34 48 34 39 42 29 32 35 31 34 24 31 25 29 37 26 39 41 
297
18 24 29 32 26 41 28 35 37 39 48 28 33 40 46 27 42 39 29 31 36 29 25 36 22 38 39 30 38 35 
298
15 16 28 26 48 29 30 35 36 37 28 31 36 36 48 35 33 32 39 35 36 37 48 27 42 34 26 37 35 25 
299
15 20 23 34 41 37 37 32 34 39 35 41 39 47 37 36 25 42 29 28 32 29 40 31 34 39 33 27 30 34 
300
15 9 22 39 45 36 35 30 43 40 37 23 29 35 40 29 32 30 41 36 40 33 37 39 31 42 28 38 31 35 
301
13 20 16 25 41 37 28 22 41 39 35 41 30 52 26 47 29 25 41 29 43 35 41 30 40 30 36 44 31 33 
302
17 26 21 28 31 32 44 33 39 34 27 31 45 42 33 33 38 28 40 31 29 32 31 42 42 29 28 34 36 44 
303
12 23 22 32 34 36 49 38 33 44 33 41 37 39 36 35 37 31 35 25 40 31 28 23 33 32 28 31 48 34 
304
17 24 23 23 26 30 41 40 36 31 46 48 30 37 43 30 37 31 27 29 34 34 39 31 38 40 31 31 31 42 
305
11 11 20 27 37 52 34 36 40 36 34 41 27 40 43 27 38 28 30 45 31 31 32 36 33 42 38 33 29 38 
306
10 18 22 35 34 41 43 27 27 39 43 37 28 44 44 34 32 40 35 35 31 43 33 30 28 27 35 27 30 48 
307
7 10 22 26 34 40 31 38 43 29 27 39 39 29 36 35 41 34 36 32 48 27 36 52 36 44 30 33 27 39 
308
16 12 14 29 43 51 40 31 40 39 42 32 30 40 43 25 47 34 34 28 31 49 35 34 28 31 31 21 37 33 
309
12 21 9 25 42 37 43 33 40 35 41 45 33 37 44 34 30 32 38 23 33 28 36 30 41 38 39 39 36 26 
310
11 12 17 43 42 29 38 34 39 30 32 28 45 46 34 29 34 42 32 34 39 35 42 29 40 27 37 35 31 34 
311
7 14 23 35 26 47 32 38 41 35 32 27 38 36 40 38 40 43 38 47 34 31 33 41 33 28 29 38 30 26 
312
14 15 14 35 37 27 55 45 39 37 45 42 27 37 28 32 33 44 32 40 35 33 26 32 35 28 34 25 40 34 
313
13 17 28 24 35 43 32 26 31 41 45 44 46 37 22 30 29 34 37 42 19 37 38 28 36 42 45 38 31 30 
314
16 18 26 31 29 39 43 37 29 35 36 27 48 24 26 27 35 38 36 39 33 41 41 41 30 30 41 35 36 33 
315
9 15 17 30 39 31 37 28 45 44 31 34 34 33 43 31 39 35 30 36 43 30 39 38 31 25 34 38 42 39 
316
10 16 18 33 38 26 41 34 33 44 35 41 35 35 26 41 38 29 43 39 31 39 37 34 29 40 36 31 33 35 
317
15 16 23 45 38 39 38 34 33 32 40 31 21 30 27 36 36 42 34 39 40 30 30 32 39 30 38 38 40 34 
318
13 19 22 30 36 32 41 42 38 34 34 36 41 33 48 40 31 36 35 31 33 31 39 39 35 33 28 36 23 31 
319
17 26 20 32 41 35 40 37 22 25 42 33 39 30 33 28 36 25 40 42 32 38 34 36 39 37 36 31 40 34 
320
19 22 19 23 42 38 31 41 34 43 38 38 32 30 30 39 47 35 40 32 32 38 19 39 36 41 35 31 26 30 
321
14 22 32 44 36 35 53 34 35 32 41 38 38 32 31 30 27 31 34 33 35 29 35 39 32 27 36 31 37 27 
322
17 22 29 42 43 49 38 38 39 37 38 31 27 39 33 33 42 32 27 30 30 35 38 32 38 20 35 30 29 27 
323
15 24 20 32 38 42 41 46 38 30 42 39 43 36 28 35 37 31 24 35 31 38 35 31 35 32 25 30 37 30 
324
21 22 31 41 40 33 37 41 38 30 41 31 41 44 28 37 37 32 33 38 29 30 31 43 29 27 35 27 26 27 
325
22 26 34 33 46 43 36 38 35 42 37 36 27 30 41 30 27 28 41 31 29 31 32 32 30 34 41 24 34 30 
326
21 26 28 33 36 39 40 29 49 38 44 34 29 38 41 29 30 29 33 38 33 32 37 26 34 35 28 35 29 27 
327
26 32 33 45 39 35 37 32 36 28 37 34 25 27 41 29 40 32 41 36 32 25 30 31 35 27 39 33 28 35 
328
20 30 34 33 32 43 40 29 29 35 41 39 33 37 34 32 28 29 31 33 34 30 34 28 37 26 37 36 43 33 
329
35 30 29 38 36 31 33 30 41 34 46 39 38 47 28 26 37 34 31 25 35 22 23 32 33 34 32 33 28 40 
330
28 30 31 34 24 42 30 37 39 33 44 31 36 33 28 40 39 38 30 28 36 33 27 30 17 38 40 37 30 37 
331
28 43 30 32 39 47 43 28 32 26 36 43 29 35 27 30 29 44 25 36 37 21 29 33 36 35 34 31 29 33 
332
31 28 25 37 35 48 44 41 50 38 34 31 40 30 28 29 39 33 27 27 25 28 30 27 47 26 43 30 26 23 
333
25 31 36 23 40 48 33 40 34 42 41 28 32 27 34 32 42 29 26 39 34 27 40 34 39 31 21 30 32 30 
334
25 33 36 34 36 39 33 38 38 32 29 29 41 40 32 41 34 33 30 27 37 32 36 21 33 30 34 32 35 30 
335
25 27 37 43 51 35 48 43 42 42 31 27 31 29 35 35 27 30 28 41 30 28 33 23 38 29 33 27 23 29 
336
19 32 34 32 29 36 41 43 37 32 37 35 33 36 28 35 38 33 42 41 34 36 26 35 36 28 27 31 27 27 
337
20 26 39 42 33 37 38 25 43 37 31 41 29 35 35 34 34 24 29 32 49 43 30 37 36 21 35 22 34 29 
338
26 29 25 33 30 28 46 32 39 33 45 34 39 30 36 32 26 34 42 40 39 29 22 34 34 39 29 25 39 31 
339
27 22 24 43 33 33 35 39 38 44 35 39 28 33 49 30 38 44 32 22 35 16 34 32 31 37 30 32 34 31 
340
16 37 27 40 42 38 42 34 38 33 32 37 30 41 27 41 31 34 38 29 35 21 36 28 32 33 31 36 26 35 
341
17 29 35 38 33 38 31 31 35 38 33 37 28 46 42 38 35 41 27 30 27 39 28 25 28 40 30 34 35 32 
342
28 19 30 47 48 42 38 41 24 26 33 29 36 35 43 33 29 29 34 24 40 35 37 30 21 32 35 37 29 36 
343
19 25 28 41 50 38 50 30 49 37 42 20 20 30 31 34 36 27 35 34 33 36 30 24 38 30 29 29 38 37 
344
23 27 24 40 41 47 25 43 41 38 38 38 28 33 34 32 23 30 35 29 30 38 35 33 29 41 23 33 35 34 
345
23 28 12 33 39 35 38 47 42 38 28 35 39 41 31 27 38 42 45 32 23 38 36 19 34 42 26 26 32 31 
346
26 22 23 40 47 38 55 41 35 33 29 39 29 41 32 36 24 35 29 30 37 37 22 31 33 26 27 31 40 32 
347
15 22 31 44 39 30 37 36 46 41 33 30 34 34 36 25 30 29 40 32 39 38 29 25 38 30 33 30 33 41 
348
25 29 20 47 37 40 40 36 42 35 31 40 34 30 32 28 37 33 34 27 36 31 30 32 36 46 22 36 28 26 
349
15 31 27 40 35 35 50 38 40 34 36 28 30 33 40 29 34 41 30 35 28 43 25 31 41 29 33 28 30 31 
350
22 24 42 26 43 42 39 44 33 38 37 36 38 45 38 35 27 41 31 25 28 28 33 25 30 34 36 30 27 23 
351
23 24 20 29 44 34 34 31 45 35 35 31 30 31 34 38 33 36 33 36 34 31 41 29 36 44 31 38 31 29 
352
16 22 21 22 42 44 35 42 32 38 35 31 32 39 29 48 35 36 39 31 37 28 31 29 35 44 26 39 31 31 
353
22 20 23 36 47 40 32 25 37 31 46 46 40 41 40 27 34 38 35 31 28 36 32 41 30 28 31 31 24 28 
354
16 19 24 35 40 40 35 26 41 46 29 38 36 30 36 40 33 30 33 26 23 37 34 36 39 34 36 44 31 33 
355
10 21 26 36 31 44 42 41 33 32 36 33 30 27 35 29 34 31 37 30 33 44 32 40 33 34 34 51 34 27 
356
20 22 21 28 34 41 40 36 49 29 36 41 37 38 38 32 32 34 30 36 36 39 37 29 35 19 30 38 34 29 
357
19 21 31 29 38 39 35 38 40 32 42 30 37 36 27 38 31 37 36 27 33 26 30 28 34 35 34 40 42 35 
358
18 15 22 33 32 29 41 30 41 48 42 29 40 34 39 29 35 35 37 45 26 37 42 23 36 28 31 33 38 32 
359
13 17 27 31 35 35 45 38 29 34 37 38 39 46 31 45 32 33 32 31 30 30 36 32 38 32 43 25 24 42 
360
11 22 20 23 37 33 44 36 34 24 36 44 37 37 40 40 42 43 29 32 35 31 42 40 36 33 28 34 34 23 
361
18 12 21 26 38 33 35 42 40 34 38 27 36 34 28 39 35 39 41 38 44 29 31 40 38 34 36 29 32 33 
362
11 18 24 27 32 39 32 31 35 41 34 34 35 45 36 36 30 35 33 41 44 30 48 23 32 39 26 36 38 35 
363
8 12 18 29 33 24 49 34 39 54 36 41 38 30 33 32 21 26 39 38 32 30 46 37 47 28 29 34 35 48 
364
16 5 23 25 41 39 38 38 40 29 30 42 34 39 36 43 34 34 30 38 32 44 32 33 39 27 39 34 33 33 
365
11 16 15 19 42 28 44 38 49 34 48 46 38 29 24 39 40 39 30 31 38 33 33 38 38 24 45 29 35 27 
366
14 16 13 29 32 44 35 35 39 35 35 33 39 38 32 34 38 44 32 41 37 34 28 35 43 33 35 31 34 32 
367
10 16 23 31 32 38 23 33 42 40 40 34 33 42 33 34 28 44 30 49 34 36 42 38 34 32 31 30 31 37 
368
15 8 22 28 35 26 34 31 55 44 32 39 34 24 29 43 39 29 35 42 45 35 30 37 37 28 41 40 27 36 
369
10 16 20 29 37 35 36 27 44 34 32 32 31 35 43 43 39 38 48 37 31 34 27 37 34 42 32 28 35 34 
370
9 13 16 25 28 34 31 28 47 38 42 29 36 31 36 37 44 34 31 37 40 42 26 36 32 42 40 44 36 36 
371
20 20 20 35 32 39 38 27 35 47 28 40 34 34 33 27 30 34 40 35 36 32 38 38 32 35 37 35 36 33 
372
12 15 18 26 42 43 47 42 41 46 30 36 44 32 40 48 32 33 32 39 30 35 34 29 24 24 31 32 32 31 
373
9 15 24 24 30 27 35 45 38 28 39 31 39 36 34 28 38 46 44 36 39 42 34 43 33 22 37 30 32 42 
374
7 13 26 25 33 35 50 43 49 29 37 31 32 36 32 46 44 39 31 38 37 21 40 33 28 38 36 36 29 26 
375
12 17 20 24 42 42 42 36 31 30 35 37 28 36 31 37 37 37 34 39 46 38 29 30 35 22 34 36 50 33 
376
9 14 18 30 30 32 40 28 43 44 32 37 37 27 41 41 49 41 30 31 33 33 27 42 34 37 35 36 34 35 
377
16 18 25 27 41 28 43 44 40 41 26 32 32 39 34 27 31 29 38 41 36 48 31 32 23 29 33 34 38 44 
378
14 19 13 38 31 37 42 31 27 30 47 46 34 35 36 39 38 43 29 37 32 32 40 38 34 34 36 28 26 34 
379
20 14 20 30 25 38 34 37 49 36 28 41 33 50 42 28 39 39 37 39 34 27 32 40 30 31 32 31 36 28 
380
12 15 19 22 30 50 45 36 37 44 35 31 33 33 37 30 38 39 33 42 31 29 37 43 35 32 29 38 37 28 
381
12 19 28 30 47 26 44 24 41 46 33 37 44 30 32 33 29 41 43 45 31 26 33 34 42 32 30 26 39 23 
382
13 17 24 33 31 40 40 36 29 37 28 33 38 27 40 31 40 32 33 37 38 27 31 34 36 36 33 46 38 42 
383
16 17 25 32 33 34 38 40 31 30 29 42 33 40 34 36 29 37 50 40 34 31 33 35 34 31 38 27 44 27 
384
15 17 19 32 44 48 46 30 34 36 27 33 37 32 40 27 47 37 33 25 31 32 31 37 31 33 38 45 28 35 
385
16 19 36 33 24 34 48 34 35 29 42 43 34 35 33 29 38 31 29 47 39 39 33 29 34 32 34 31 29 31 
386
17 20 23 27 32 31 36 35 40 39 37 39 34 38 34 33 38 40 35 34 32 32 36 39 35 35 35 33 35 26 
387
23 28 31 40 42 41 41 37 39 36 32 42 42 32 26 26 37 36 17 33 36 34 26 33 29 37 31 33 34 26 
388
16 25 34 42 38 41 33 39 41 32 32 37 38 41 39 39 35 30 35 30 24 25 40 39 21 33 36 25 30 30 
389
23 31 40 27 30 36 45 36 37 41 24 40 32 26 34 33 41 36 27 33 30 35 30 34 33 31 26 36 34 39 
390
34 24 30 47 39 31 36 36 31 27 43 41 35 36 24 33 33 27 33 29 30 31 23 44 45 33 31 39 29 26 
391
19 28 22 37 37 41 45 42 43 31 36 22 34 32 32 33 36 35 35 33 39 22 44 30 35 23 26 49 29 30 
392
22 22 39 35 39 32 38 36 35 39 36 26 23 44 33 29 33 34 34 43 28 30 35 29 32 30 39 33 44 28 
393
23 25 33 34 40 33 45 33 38 44 35 31 31 39 37 38 35 33 33 43 30 26 40 35 24 26 27 27 33 29 
394
15 21 29 42 55 43 40 40 36 38 37 44 32 25 32 39 21 41 29 33 38 30 39 26 28 31 28 38 27 23 
395
26 22 33 42 39 51 45 36 34 32 33 36 27 40 31 32 45 34 31 28 24 31 23 33 31 34 30 30 34 33 
396
17 34 30 36 55 38 33 33 40 36 26 45 40 28 34 40 32 35 35 28 31 30 29 35 29 34 28 31 27 31 
397
20 31 36 34 33 42 33 34 31 40 30 34 30 39 44 35 36 29 37 31 38 46 34 26 25 35 28 25 30 34 
398
15 25 41 30 39 37 51 40 36 35 30 33 38 45 32 31 38 32 28 32 31 33 26 30 38 35 34 25 36 24 
399
18 35 31 39 28 38 41 43 26 36 28 38 35 42 33 34 29 28 33 20 41 38 39 39 31 25 41 21 40 30 
400
18 27 34 31 40 37 44 37 38 32 37 30 31 50 32 37 39 36 28 40 34 33 35 32 24 28 24 27 39 26 
401
18 27 36 43 36 31 37 36 38 31 40 42 35 23 41 29 47 27 37 26 27 30 28 27 37 34 43 36 28 30 
402
13 24 33 39 39 31 38 36 42 44 25 36 36 29 35 39 24 38 33 44 21 36 41 33 29 35 38 29 36 24 
403
17 22 25 39 46 45 40 42 38 29 28 35 41 35 28 36 31 40 30 34 34 29 36 34 24 41 42 25 30 24 
404
14 30 26 43 33 31 30 28 32 39 36 37 30 44 44 30 38 31 40 30 32 40 37 39 25 31 28 33 25 44 
405
19 20 29 40 36 34 39 52 37 28 45 35 33 47 34 37 28 21 31 39 36 25 32 39 36 38 24 24 31 31 
406
19 26 38 41 46 29 41 48 37 42 31 40 28 34 42 35 35 35 24 31 39 32 34 29 23 23 30 25 33 30 
407
20 30 20 37 34 40 38 46 33 32 49 34 32 40 36 40 32 39 31 37 18 38 31 31 38 24 29 34 25 32 
408
21 33 23 35 44 34 35 36 39 45 50 39 38 26 29 36 35 46 35 27 23 31 28 25 33 26 25 31 33 39 
409
19 21 21 27 49 45 34 46 33 32 45 55 38 28 32 30 34 25 36 35 31 31 34 35 36 33 29 30 29 27 
410
12 17 21 33 28 42 48 44 39 33 36 32 39 46 36 31 38 33 39 33 40 31 31 30 33 34 34 26 30 31 
411
17 28 17 41 43 40 39 48 35 34 29 38 23 38 37 42 37 28 27 36 27 32 28 30 36 31 39 36 33 31 
412
12 23 23 34 38 36 40 34 39 28 40 38 27 32 37 36 28 44 35 36 33 32 34 49 32 33 35 30 28 34 
413
10 25 25 21 44 31 32 36 28 40 42 41 32 42 46 31 41 34 39 37 33 24 46 32 31 29 25 35 32 36 
414
17 29 23 28 43 33 33 42 48 42 43 32 32 36 44 28 40 29 38 38 35 36 32 27 29 28 19 30 35 31 
415
16 22 19 36 42 37 51 40 27 30 36 32 40 49 30 32 37 31 47 26 33 27 23 35 32 29 29 42 36 34 
416
16 22 28 30 34 23 35 33 50 54 41 36 36 29 36 38 36 30 26 24 38 36 45 33 32 29 32 29 30 39 
417
16 21 23 33 35 40 37 34 44 38 40 28 32 58 41 34 27 30 37 29 36 29 28 33 35 36 28 29 36 33 
418
11 27 18 23 31 26 39 32 31 53 36 38 35 26 42 40 30 41 45 30 30 33 35 36 35 27 28 37 45 40 
419
11 27 18 29 32 33 41 43 30 37 45 27 29 40 43 26 35 45 36 31 39 33 35 30 33 29 26 47 27 43 
420
9 27 26 25 29 34 29 34 42 37 40 34 43 38 36 38 38 35 43 33 39 22 39 31 35 31 22 38 37 36 
421
17 23 20 12 33 36 31 37 44 53 35 32 41 30 49 41 30 34 27 30 34 39 39 37 39 29 31 39 31 27 
422
9 11 11 29 31 41 34 35 33 27 36 42 54 31 36 40 29 33 32 41 46 35 24 38 41 40 47 38 34 22 
423
16 10 18 33 22 46 34 24 49 40 36 28 32 45 30 27 37 39 36 40 25 34 35 51 38 41 38 35 33 28 
424
11 21 17 30 37 34 35 38 34 32 41 38 33 32 37 28 41 34 33 41 38 40 32 35 38 28 37 39 25 41 
425
15 19 13 25 32 30 36 30 30 36 43 38 32 40 46 31 38 39 35 40 40 38 40 29 41 33 19 30 42 40 
426
6 15 13 30 31 24 52 33 37 41 36 35 36 37 35 33 51 35 34 36 42 41 32 34 39 29 33 31 39 30 
427
6 15 17 25 37 29 41 28 36 46 33 42 36 39 35 34 37 36 37 39 35 38 34 34 39 31 31 42 36 32 
428
7 13 19 23 34 37 34 47 32 38 32 34 38 42 41 28 37 29 43 35 28 47 37 34 32 31 33 38 38 39 
429
9 13 20 27 35 30 43 21 42 29 40 36 38 50 32 35 37 42 25 31 38 33 37 34 36 45 37 35 37 33 
430
9 11 17 22 30 22 44 32 38 30 51 29 27 45 32 42 47 35 51 29 47 44 33 49 31 27 36 30 28 32 
431
14 20 19 22 32 27 51 34 33 37 26 34 36 33 36 34 39 42 35 30 35 35 32 36 45 37 45 35 36 30 
432
11 11 17 30 39 38 36 24 33 35 41 29 33 27 28 39 42 37 28 34 34 32 50 40 40 25 41 39 48 39 
433
11 14 21 19 34 36 36 38 48 21 44 34 39 37 24 33 49 30 36 35 30 32 38 38 36 32 33 36 45 41 
434
14 22 20 31 30 32 35 32 28 35 33 38 38 31 35 35 28 39 28 35 44 39 32 45 31 34 37 39 32 48 
435
18 12 14 30 28 39 29 34 38 40 53 47 37 31 34 39 48 28 29 48 39 38 27 36 20 29 34 42 29 30 
436
9 23 13 32 29 34 45 39 30 34 36 37 40 34 41 37 36 42 35 41 28 43 37 38 33 28 33 37 22 34 
437
15 29 20 20 30 39 33 31 44 36 39 40 36 40 31 39 34 31 32 38 30 42 29 35 38 26 42 29 39 33 
438
10 19 24 24 32 40 36 39 44 32 47 47 45 32 42 38 37 40 23 18 36 38 26 35 36 30 32 33 30 35 
439
10 19 22 23 37 24 39 46 46 41 36 40 38 27 46 37 41 24 32 39 39 34 38 36 24 28 39 32 40 23 
440
17 17 29 24 35 36 27 39 34 36 32 34 37 36 36 38 43 28 40 38 36 34 36 40 40 25 37 43 25 28 
441
19 19 31 33 32 27 36 35 35 25 23 42 29 36 45 35 28 45 32 37 36 34 32 34 31 33 36 43 36 41 
442
20 25 31 30 41 39 38 37 34 44 42 29 24 45 38 30 23 27 29 24 40 41 39 35 27 30 35 32 28 43 
443
19 28 23 43 37 34 38 31 40 42 34 45 32 38 28 36 37 38 38 40 21 36 33 27 32 31 31 41 30 17 
444
22 20 30 32 33 37 38 39 38 35 44 47 28 29 39 30 34 38 33 32 37 33 36 23 32 30 33 37 23 38 
445
23 25 37 33 52 37 38 28 42 33 33 29 29 37 30 41 29 35 29 32 25 35 27 29 39 36 35 34 35 33 
446
26 33 29 28 43 31 31 35 33 39 32 34 46 26 40 26 27 37 48 40 38 44 24 31 33 28 39 28 26 25 
447
27 25 29 39 34 41 42 30 38 43 38 38 31 35 34 29 33 35 34 36 36 26 29 30 29 26 33 27 39 34 
448
24 26 27 40 51 35 45 35 41 25 33 30 43 29 29 30 35 35 43 31 32 41 35 34 31 22 24 29 32 33 
449
14 35 32 52 35 33 57 46 40 38 31 30 28 26 24 40 25 37 30 37 33 28 44 24 28 32 27 25 32 37 
450
30 22 37 22 44 32 53 41 38 30 35 35 38 31 38 29 35 24 30 28 32 37 30 28 33 28 39 38 31 32 
451
21 21 29 35 34 31 39 30 37 33 34 36 41 41 37 33 39 21 32 27 37 32 38 37 33 44 37 33 21 37 
452
23 30 23 37 42 40 30 33 44 35 45 38 27 30 38 34 41 30 32 31 53 36 31 26 31 28 24 32 30 26 
453
24 21 25 46 49 36 47 32 36 30 38 38 35 37 25 33 30 30 28 26 28 36 34 30 26 49 36 33 39 23 
454
23 27 28 37 41 32 42 44 37 27 33 37 32 34 41 43 34 38 29 25 25 26 39 35 36 28 36 27 31 33 
455
15 28 32 36 38 34 46 35 37 37 33 44 37 34 44 37 33 32 46 20 34 21 29 29 40 24 32 22 38 33 
456
28 21 30 34 31 30 40 37 42 34 37 38 31 26 44 41 44 26 30 26 31 27 41 40 33 31 31 26 33 37 
457
27 36 32 43 36 41 43 32 32 47 41 36 25 32 34 28 34 35 31 33 22 39 29 31 33 27 24 30 30 37 
458
25 20 27 30 31 43 34 48 36 44 37 50 41 35 34 32 46 33 23 38 28 27 31 25 31 26 30 38 28 29 
459
25 23 23 38 38 42 46 33 36 42 45 34 32 28 29 32 26 27 34 31 33 41 29 41 39 28 26 37 25 37 
460
22 16 19 30 38 47 49 32 37 39 39 29 51 34 32 35 49 35 20 31 33 28 37 29 20 40 36 30 30 33 
461
19 26 20 29 40 28 39 26 47 40 39 32 36 36 35 36 34 36 37 28 45 39 35 32 28 30 34 20 38 36 
462
13 27 25 32 33 43 45 24 44 37 44 34 44 39 37 29 38 29 36 31 34 33 21 35 26 41 31 38 30 27 
463
18 25 26 30 43 32 28 28 44 41 43 34 23 39 46 35 39 34 35 31 33 32 37 27 32 31 32 32 34 36 
464
19 27 30 33 36 36 42 41 39 35 35 42 38 35 36 26 30 38 35 34 30 29 38 36 33 29 34 18 37 29 
465
18 25 34 35 42 40 37 36 37 32 38 29 39 40 34 28 39 41 33 42 33 38 21 29 24 28 27 48 29 24 
466
16 23 23 33 30 44 40 33 43 36 24 33 32 34 39 33 36 34 32 42 30 36 28 39 45 31 28 36 34 33 
467
13 18 31 38 34 36 44 42 31 32 29 33 33 40 42 26 26 34 26 38 30 34 29 41 25 44 38 38 39 36 
468
9 16 20 32 45 38 37 41 32 40 42 34 33 31 36 32 51 32 36 28 29 47 32 33 27 26 40 34 29 38 
469
12 18 22 33 34 39 37 36 39 39 33 47 38 45 30 40 35 32 34 41 26 38 42 30 35 30 31 26 20 38 
470
16 17 27 24 46 34 45 30 33 34 39 36 36 34 35 38 35 26 30 36 45 29 28 32 32 25 39 38 44 37 
471
12 15 22 17 45 34 28 39 45 32 51 35 39 31 35 33 40 31 49 33 30 28 41 37 31 32 31 32 35 37 
472
15 22 23 23 35 36 31 38 42 33 34 33 30 28 39 33 38 44 30 34 33 42 38 38 41 30 36 40 27 34 
473
5 11 17 34 34 38 42 47 52 40 33 33 50 35 30 34 31 29 31 40 25 28 43 38 33 40 34 29 29 35 
474
6 11 20 26 35 46 39 37 46 34 33 22 55 27 36 39 39 40 34 30 35 38 38 34 35 45 34 20 28 38 
475
10 16 27 26 43 28 40 38 41 46 32 39 35 36 32 35 35 31 31 38 21 43 34 38 45 28 28 33 46 25 
476
9 17 18 29 38 38 43 31 43 36 43 43 36 34 36 37 40 29 38 25 37 41 35 37 28 31 25 25 41 37 
477
10 14 13 25 32 35 36 39 48 40 35 42 35 29 36 44 40 31 47 32 40 32 31 31 34 25 39 45 36 24 
478
7 18 27 29 32 44 35 47 27 37 36 31 34 33 39 28 32 30 40 26 36 36 29 40 40 49 29 43 32 34 
479
8 21 21 24 31 34 39 36 34 44 36 42 36 41 35 34 35 28 35 47 33 38 31 27 40 34 27 38 35 36 
480
8 16 19 33 33 34 48 31 34 37 43 31 35 34 36 40 29 35 36 28 40 34 36 50 35 28 40 34 30 33 
481
6 24 22 26 23 28 37 38 36 40 47 45 30 42 36 35 45 27 37 37 33 27 37 34 39 31 43 28 35 32 
482
9 17 20 30 36 34 35 34 40 49 47 33 35 28 30 39 35 42 41 29 34 26 32 34 40 42 34 35 27 33 
483
11 19 20 25 32 38 39 40 48 23 40 35 32 35 43 37 33 34 32 35 30 32 31 35 43 38 40 31 28 41 
484
8 17 21 28 25 31 42 36 42 43 50 29 27 32 47 32 36 36 42 25 28 33 39 33 28 39 36 36 31 48 
485
5 22 19 29 33 32 24 51 30 34 41 37 32 32 37 37 32 38 38 43 32 41 44 33 46 32 28 32 37 29 
486
14 14 22 19 37 45 32 38 42 44 32 39 31 38 36 37 34 28 37 33 27 30 38 40 45 36 30 42 34 26 
487
11 25 12 20 26 35 33 34 28 40 29 40 45 35 28 41 32 46 24 29 33 46 45 39 32 40 46 40 34 32 
488
12 16 15 27 37 28 31 44 38 37 45 41 28 44 43 33 39 34 31 37 30 42 32 30 34 33 45 29 36 29 
489
10 27 17 28 26 38 32 35 42 40 36 54 33 27 31 32 37 39 38 40 27 31 33 33 28 45 39 41 28 33 
490
10 22 17 32 36 37 31 36 38 46 36 35 36 38 36 40 34 32 37 40 32 32 27 23 27 32 36 47 40 35 
491
14 16 16 25 28 27 39 35 41 39 43 42 45 32 41 30 39 39 34 38 24 39 37 38 38 28 36 36 31 30 
492
9 16 14 21 34 38 36 29 38 44 43 29 35 32 28 34 27 38 37 33 39 40 36 27 38 49 42 44 30 40 
493
10 15 17 29 35 29 25 36 35 37 41 34 43 37 36 31 37 33 36 28 31 41 31 48 38 34 28 47 44 34 
494
12 16 30 31 37 40 32 41 35 39 37 28 44 38 33 32 33 39 34 38 29 34 39 36 35 24 34 36 34 30 
495
12 25 20 34 42 35 30 42 41 34 50 39 40 32 37 39 34 28 29 46 39 27 44 31 39 36 27 17 26 25 
496
10 23 19 36 36 35 41 32 33 30 36 37 40 28 28 39 30 35 35 26 49 41 28 30 41 42 36 28 33 43 
497
16 28 29 36 32 26 38 36 42 33 36 39 41 38 28 45 40 26 36 24 28 47 39 32 20 41 30 36 31 27 
498
14 17 15 29 41 31 44 33 37 35 43 26 42 33 34 30 36 43 34 37 39 36 35 32 43 30 26 40 22 43 
499
18 22 21 30 42 40 39 35 43 34 43 43 30 37 40 29 36 29 22 34 35 31 35 37 21 36 36 35 40 27 
500
14 29 34 29 42 31 37 46 38 31 28 37 36 36 25 22 25 29 41 34 40 35 40 28 34 35 34 46 32 32 
501
13 21 25 40 33 31 59 34 45 35 46 35 28 39 36 32 39 39 22 37 34 34 27 34 26 34 31 37 32 22 
502
13 21 39 36 33 37 32 33 38 20 30 31 39 42 40 42 30 33 23 38 33 24 39 40 31 39 32 45 32 35 
503
21 27 29 34 35 22 38 44 42 40 36 32 41 32 36 40 37 29 22 35 24 48 33 31 33 35 30 25 35 34 
504
21 25 35 30 38 35 36 25 35 35 46 43 35 35 31 31 42 34 34 33 28 44 32 37 30 30 28 26 31 35 
505
20 18 29 36 41 38 52 31 39 42 25 33 30 38 36 34 33 37 32 37 46 26 26 35 39 34 25 31 28 29 
506
27 22 34 33 35 44 29 45 33 35 36 37 42 25 38 31 31 37 41 42 20 25 28 37 22 33 27 31 45 35 
507
18 15 30 42 32 37 34 31 46 38 41 29 43 26 33 40 34 38 32 38 33 21 33 25 33 38 36 36 27 41 
508
24 22 35 35 35 27 35 35 38 37 42 31 38 39 26 34 27 31 20 25 35 30 44 30 31 37 32 44 40 41 
509
19 29 34 36 40 38 34 48 42 39 37 37 30 33 46 29 32 35 27 26 20 33 29 31 36 32 28 34 27 39 
510
26 28 22 28 37 45 29 38 36 39 43 32 33 42 26 28 32 36 32 42 41 41 40 35 24 22 22 30 36 35 
511
23 26 27 39 41 32 46 37 40 42 46 33 35 42 32 30 28 31 46 36 33 27 34 27 35 24 29 21 24 34 
512
17 23 24 37 36 34 50 39 37 35 39 34 44 38 29 32 35 31 34 43 28 35 28 28 26 38 28 36 32 30 
513
16 22 30 34 38 39 37 35 47 33 39 46 29 36 34 40 32 24 36 28 33 31 39 37 35 28 27 24 28 43 
514
27 20 21 31 36 42 39 33 45 45 36 27 44 30 43 43 40 27 24 34 28 27 26 30 29 34 36 35 28 40 
515
19 17 36 32 41 47 35 41 45 37 41 30 31 33 31 31 29 42 41 28 40 36 25 31 33 33 28 23 32 32 
516
19 23 29 39 31 37 36 36 46 39 35 34 35 33 31 32 37 46 21 36 39 30 29 40 34 30 23 31 37 32 
517
17 30 24 24 56 43 39 39 28 29 33 27 29 45 38 38 30 29 33 27 31 28 38 34 34 35 32 36 39 35 
518
15 17 31 37 38 37 38 40 43 35 42 36 32 27 45 40 40 36 26 38 38 25 33 24 41 34 24 39 24 25 
519
20 13 25 40 35 31 38 38 37 37 52 27 32 46 39 25 37 29 27 33 27 36 37 36 27 35 33 38 41 29 
520
19 24 24 33 39 37 48 43 32 39 27 28 36 29 42 31 46 39 26 32 26 29 36 42 39 34 29 36 22 33 
521
16 18 31 38 40 41 40 36 32 37 45 33 45 40 34 33 37 36 31 30 25 29 31 23 39 28 37 31 27 37 
522
18 25 24 29 53 44 50 41 28 30 32 39 27 30 34 32 32 36 30 23 47 38 32 30 36 39 31 30 25 35 
523
19 24 35 26 38 45 32 37 34 36 47 38 40 42 34 37 27 40 31 34 37 28 34 37 21 27 30 27 31 32 
524
18 21 29 38 38 39 41 32 45 36 40 37 31 30 38 35 36 34 29 36 36 33 26 32 33 39 33 24 29 32 
525
21 22 22 33 38 38 45 33 44 42 33 40 27 34 36 37 35 26 38 42 34 29 41 31 26 31 30 23 35 34 
526
14 16 20 29 37 30 58 33 20 45 46 48 29 42 27 43 39 34 37 30 42 30 35 39 31 35 19 28 29 35 
527
12 22 31 30 42 40 36 45 34 40 28 28 49 31 39 33 26 29 31 51 34 32 32 29 25 29 33 36 37 36 
528
17 19 25 32 30 43 40 30 45 30 38 39 42 33 30 44 44 31 44 27 38 35 23 32 25 28 28 30 35 43 
529
13 22 32 30 41 37 47 32 34 35 36 40 43 42 36 38 38 32 31 34 28 30 35 29 29 43 28 28 25 32 
530
13 25 25 27 46 35 31 36 50 41 45 43 36 54 33 21 38 36 27 41 25 31 44 27 39 27 29 26 26 23 
531
16 22 24 35 35 45 33 39 43 29 44 37 37 28 36 31 32 33 46 39 31 35 44 32 35 26 29 25 27 32 
532
15 12 21 20 30 34 51 40 43 47 29 31 33 34 34 38 37 40 33 41 27 33 33 26 33 36 30 41 41 37 
533
15 18 25 23 41 37 37 38 29 38 32 34 35 42 46 37 37 47 40 26 31 31 26 38 26 41 31 36 33 30 
534
10 15 25 39 31 31 26 30 42 38 45 37 39 32 30 34 36 36 46 31 35 32 31 41 34 31 40 29 34 40 
535
15 22 16 35 28 34 33 52 40 44 40 34 47 41 37 38 30 34 28 36 41 30 32 34 18 36 42 29 29 25 
536
13 13 17 30 28 28 37 35 41 39 34 51 41 38 38 30 39 35 25 42 43 38 32 33 38 29 43 35 28 27 
537
13 23 21 22 38 29 41 47 31 30 43 39 40 29 42 34 33 35 41 38 25 35 31 30 34 34 34 34 32 42 
538
8 23 21 32 37 24 49 32 32 39 34 33 40 38 40 31 45 39 39 36 41 29 45 36 30 29 26 28 32 32 
539
7 2 13 24 42 43 43 42 37 37 35 46 37 37 33 41 31 33 40 37 30 34 32 32 33 41 30 37 35 36 
540
13 12 15 24 40 19 33 34 41 37 45 40 41 43 42 31 37 26 43 31 46 35 38 33 25 30 37 35 38 36 
541
11 17 17 34 45 37 42 42 48 31 31 39 23 36 38 35 38 39 36 36 27 37 32 34 33 29 25 46 32 30 
542
12 14 18 26 38 29 47 33 43 39 43 34 25 39 42 29 48 29 28 32 32 42 43 28 31 29 44 40 33 30 
543
7 8 16 27 31 34 39 47 39 36 51 42 40 37 35 39 36 27 38 35 40 37 26 31 42 41 34 32 19 34 
544
7 16 19 19 29 30 31 43 44 41 42 53 38 35 31 28 45 32 35 35 31 39 28 37 34 34 39 33 38 34 
545
15 19 17 20 51 29 34 27 43 43 30 36 38 22 40 42 34 23 32 37 47 48 30 35 43 31 37 39 32 26 
546
8 11 23 25 41 28 35 37 47 30 53 35 31 39 40 33 25 37 30 46 35 35 46 36 34 27 34 34 33 32 
547
6 18 13 22 33 30 45 35 38 47 50 44 39 33 44 39 25 30 35 37 35 30 26 26 34 41 47 32 28 38 
548
5 22 20 24 27 29 30 31 30 38 42 42 45 44 34 32 42 41 36 30 33 43 35 38 33 34 38 32 33 37 
549
7 20 21 25 38 35 30 32 36 37 42 51 34 32 47 28 43 39 41 40 40 32 31 28 34 33 25 32 34 33 
550
6 11 17 21 36 49 43 37 38 31 33 41 35 31 35 27 44 37 38 35 34 35 36 41 31 38 35 36 37 32 
551
6 15 14 36 30 34 42 31 39 30 41 37 40 27 38 36 33 41 44 35 35 36 35 34 30 28 35 40 40 38 
552
5 17 16 19 33 30 36 32 42 32 46 33 45 30 50 37 23 32 42 35 45 34 30 35 32 31 36 42 36 44 
553
8 11 16 26 37 39 33 41 53 29 30 32 43 28 42 33 32 33 41 28 37 37 38 36 36 34 34 37 43 33 
554
9 21 29 26 24 26 27 37 41 28 36 40 32 43 41 36 41 40 41 37 39 44 38 33 32 35 29 30 35 30 
555
15 25 16 20 37 30 44 35 37 44 33 36 29 43 28 29 31 52 32 33 46 29 30 35 40 40 29 36 29 37 
556
10 20 24 25 41 38 41 31 37 24 32 36 38 28 37 34 42 47 38 37 32 41 42 33 25 29 33 37 30 38 
557
13 22 17 24 36 33 40 36 37 43 48 38 33 30 41 29 40 43 35 40 32 22 42 38 34 37 31 35 26 25 
558
14 24 24 26 41 40 35 31 33 33 36 45 38 32 28 34 36 28 34 39 37 35 40 24 41 36 38 32 39 27 
559
22 16 20 37 31 36 38 46 46 52 35 36 44 30 29 25 31 34 34 40 32 29 33 31 31 32 27 22 46 35 
560
15 20 29 42 34 25 34 31 26 40 34 37 36 37 32 41 30 33 31 38 34 45 36 42 35 32 31 30 31 39 
561
18 20 31 46 35 36 41 36 45 27 30 20 45 34 32 29 31 34 40 35 36 35 30 37 39 36 32 34 34 22 
562
20 26 27 32 32 41 44 24 42 41 31 42 35 36 35 29 41 38 36 34 37 25 42 34 31 24 25 30 35 31 
563
18 20 24 33 31 42 34 47 48 38 39 25 34 40 33 35 27 35 39 37 38 29 30 32 39 35 31 37 18 32 
564
14 24 28 36 41 38 38 39 30 44 33 44 48 36 30 35 49 32 30 34 32 35 40 23 23 39 29 23 27 26 
565
21 19 20 37 31 42 35 37 33 35 46 34 30 43 36 45 30 46 29 22 34 31 34 27 31 35 27 32 42 36 
566
15 25 22 35 40 33 29 33 39 41 38 41 35 30 39 37 31 44 34 26 37 37 33 28 34 28 40 34 32 30 
567
20 29 32 40 31 31 42 47 41 33 43 34 39 33 39 28 44 27 36 33 30 33 32 30 22 34 34 23 35 25 
568
17 20 26 31 46 36 32 40 35 35 35 34 25 29 40 38 35 37 37 30 29 37 33 29 34 25 47 40 33 35 
569
23 21 22 37 33 40 47 38 33 37 41 54 19 34 37 25 35 33 31 33 36 33 29 38 28 36 35 32 30 30 
570
18 26 35 32 37 31 44 47 34 34 33 47 38 37 33 35 36 30 37 33 28 38 23 34 22 30 28 37 27 36 
571
13 30 23 32 46 34 31 41 46 27 49 30 43 31 30 42 32 28 35 36 28 20 31 40 31 42 43 32 34 20 
572
21 31 34 37 32 43 43 43 41 30 42 39 40 34 30 31 31 30 29 31 31 40 26 33 23 33 38 29 25 30 
573
23 19 36 35 40 38 25 43 29 36 36 45 35 31 30 49 32 33 36 31 39 32 23 22 39 36 33 21 35 38 
574
21 18 41 35 43 44 45 37 41 36 38 42 29 28 31 22 36 31 34 43 41 27 31 26 35 28 25 27 30 35 
575
24 24 19 24 44 38 43 38 44 39 36 39 40 31 35 27 33 36 29 30 33 46 33 28 39 28 32 23 40 25 
576
22 27 23 34 42 45 34 29 37 34 34 31 51 39 25 31 36 41 26 40 33 25 35 38 30 29 33 28 33 35 
577
20 27 16 27 36 43 47 34 24 37 34 32 36 33 45 35 39 30 39 31 28 29 38 38 34 28 26 31 39 44 
578
22 18 33 37 44 38 43 43 38 33 27 34 35 39 34 34 21 37 31 34 33 28 36 44 35 30 32 35 27 25 
579
27 25 35 32 37 22 32 37 36 38 39 42 43 31 40 33 30 27 33 36 40 29 41 25 30 25 28 33 35 39 
580
20 25 27 43 41 35 43 48 43 40 46 37 39 34 27 40 25 34 37 26 29 33 32 23 32 30 22 15 37 37 
581
17 21 35 40 30 28 40 34 35 43 44 22 34 24 34 44 33 32 38 38 34 32 35 32 38 26 36 25 38 38 
582
18 22 24 27 36 43 41 37 41 34 33 33 38 34 35 39 22 27 37 38 37 33 24 37 33 30 45 32 37 33 
583
21 25 23 32 55 36 45 48 32 43 33 36 33 41 27 21 36 26 28 40 43 25 38 31 33 24 33 32 32 28 
584
24 23 26 43 42 27 48 31 39 33 37 42 39 37 35 30 41 24 33 41 39 25 44 30 25 32 23 26 24 37 
585
20 23 26 26 33 43 53 45 41 55 44 34 38 29 37 31 25 31 33 33 37 38 26 30 28 25 28 32 30 26 
586
16 19 24 30 51 28 43 32 35 41 41 31 27 36 37 30 40 41 36 34 40 37 29 29 27 37 38 39 32 20 
587
12 18 22 23 33 38 38 35 41 32 37 45 40 23 43 37 42 37 27 38 23 32 28 41 38 42 39 23 35 38 
588
13 18 22 32 41 45 48 33 38 30 40 28 48 28 25 43 32 40 31 30 31 34 32 41 38 32 30 27 37 33 
589
15 19 24 21 33 36 34 38 43 42 42 37 22 36 50 35 34 32 44 36 31 42 43 29 32 27 35 29 32 27 
590
16 22 26 34 33 39 41 30 34 40 34 35 34 45 38 33 34 35 31 32 34 32 28 33 32 36 31 36 38 34 
591
14 21 29 26 31 31 50 39 37 33 35 33 35 41 44 47 30 33 32 34 24 36 24 36 33 35 21 42 35 39 
592
11 16 26 25 38 31 38 45 38 45 37 35 35 40 45 35 31 38 31 40 38 34 28 33 29 27 34 41 23 33 
593
13 18 26 22 41 32 30 40 36 30 28 54 43 28 42 31 45 34 33 31 27 34 47 24 37 27 38 36 36 37 
594
13 19 24 35 31 30 43 42 37 39 37 30 40 34 41 43 37 31 48 35 29 29 34 31 26 40 28 26 35 33 
595
18 22 25 33 21 35 48 35 32 37 38 28 39 30 29 36 28 39 45 45 35 30 38 38 30 32 34 29 36 35 
596
13 20 35 22 23 29 36 36 43 38 34 38 45 35 33 35 40 35 28 36 42 34 38 35 27 35 36 28 40 31 
597
12 14 27 29 31 29 31 33 42 38 35 41 46 33 34 40 36 25 38 22 42 43 31 31 37 46 27 41 27 39 
598
8 15 14 27 37 30 45 34 45 30 34 47 48 33 32 37 36 40 36 32 39 28 33 36 32 40 33 32 37 30 
599
9 21 13 21 34 34 49 36 39 49 42 46 37 27 33 38 36 35 28 46 40 34 28 31 28 36 32 30 35 33 
600
9 9 24 24 28 19 44 36 38 39 38 41 31 38 32 32 40 46 33 34 41 35 35 35 27 43 38 32 41 38 
601
4 12 17 15 35 37 36 42 34 41 29 43 35 40 33 40 35 43 43 37 43 38 31 44 36 38 29 38 29 23 
602
8 14 25 27 36 37 49 32 33 39 32 32 44 34 39 40 44 33 31 39 39 32 31 23 29 30 35 47 26 40 
603
10 16 26 18 27 40 29 38 33 33 33 41 39 40 29 34 41 38 35 40 29 46 48 30 37 41 33 37 27 32 
604
8 11 17 19 26 29 31 43 36 41 48 34 43 55 42 38 34 45 27 35 36 34 31 33 37 35 30 23 45 34 
605
9 19 16 24 29 45 29 41 37 24 34 29 49 39 48 43 36 35 33 35 29 38 34 39 36 38 31 39 21 41 
606
14 15 19 25 35 30 31 43 51 37 36 38 50 40 31 42 38 29 24 41 40 24 27 33 33 36 39 35 35 29 
607
6 18 12 24 40 33 30 32 35 38 40 44 48 42 36 38 26 41 40 30 46 34 23 34 33 35 33 38 36 35 
608
9 6 18 25 32 36 39 39 36 32 39 41 38 35 36 45 38 36 34 43 26 40 37 38 31 29 30 34 41 37 
609
10 11 15 23 34 25 33 45 35 39 59 33 32 31 37 42 29 29 32 29 33 47 35 41 35 40 32 41 38 35 
610
10 11 12 17 27 21 32 44 47 33 42 41 37 36 35 41 33 48 34 32 30 33 36 32 41 30 45 43 37 40 
611
17 16 8 23 31 26 35 46 38 48 33 39 43 43 37 42 31 31 33 33 48 41 31 42 28 29 28 37 32 31 
612
7 15 13 15 19 30 32 38 46 27 36 37 52 45 37 41 47 43 32 40 31 38 39 40 38 27 41 39 32 23 
613
9 11 15 28 39 29 34 33 26 38 47 41 39 31 31 33 36 38 36 49 37 32 42 34 37 27 29 39 39 41 
614
15 21 15 26 35 26 37 41 40 38 26 39 37 36 34 35 38 35 47 28 39 27 28 34 49 37 41 36 38 22 
615
13 21 13 24 25 39 30 35 39 35 34 38 44 34 38 31 35 42 33 26 35 44 33 42 42 31 34 32 45 33 
616
13 17 24 23 37 31 29 31 41 33 39 39 33 47 42 32 38 29 43 29 40 32 30 39 33 39 29 39 35 34 
617
12 16 21 31 36 21 43 37 26 38 48 37 31 38 32 45 35 33 27 31 33 41 34 37 36 34 39 32 38 38 
618
12 20 14 19 30 33 49 46 35 32 30 28 38 25 43 31 51 38 37 42 32 32 28 39 42 37 33 28 40 36 
619
14 14 18 29 37 32 47 31 34 33 39 47 50 31 35 32 38 29 47 25 33 34 35 40 32 39 34 24 30 37 
620
19 15 16 30 39 31 40 32 42 49 35 34 36 36 33 29 28 37 44 33 37 33 38 33 41 34 43 22 34 27 
621
17 11 19 32 28 27 53 38 46 31 25 37 45 39 33 39 35 32 37 28 47 31 43 32 26 31 35 31 33 39 
622
9 18 44 24 31 32 39 44 34 38 36 39 45 22 34 29 47 38 36 39 34 26 25 30 40 29 25 38 39 36 
623
13 19 24 22 40 45 36 42 39 37 41 40 35 32 40 45 35 45 24 32 26 30 37 33 30 31 32 35 25 35 
624
12 15 20 27 43 45 39 31 51 33 37 36 46 39 29 33 30 32 27 48 35 37 30 33 43 35 32 23 32 27 
625
12 23 20 32 37 34 32 41 38 42 42 27 38 31 36 27 41 28 34 29 47 29 41 32 38 27 31 41 33 37 
626
10 21 26 38 38 34 43 43 33 29 38 43 40 26 38 32 39 34 28 38 33 34 33 31 36 27 45 27 26 37 
627
16 22 25 33 31 40 33 35 31 26 36 53 35 47 50 33 28 37 30 25 33 42 36 38 40 27 25 23 43 27 
628
10 25 25 34 43 23 41 33 34 32 37 51 29 37 36 34 30 38 40 41 43 36 35 27 34 37 33 27 23 32 
629
22 16 35 21 29 30 41 44 41 33 31 38 42 34 29 30 31 36 37 41 36 34 35 32 34 33 38 32 34 31 
630
20 21 33 25 30 30 37 33 38 48 37 34 35 43 42 43 31 41 39 23 24 28 46 39 34 33 25 30 29 29 
631
15 24 29 33 36 59 36 35 29 40 26 34 39 54 25 35 31 30 24 26 38 38 30 32 36 37 36 34 29 30 
632
14 25 32 29 48 37 37 36 42 23 37 39 29 46 25 28 35 29 38 31 30 36 27 44 40 24 31 36 41 31 
633
7 24 26 42 35 33 33 40 44 31 45 44 29 30 41 36 32 33 38 41 26 26 39 48 26 37 24 32 27 31 
634
25 31 32 38 34 37 41 28 42 49 38 37 43 25 33 27 32 31 25 34 36 28 27 35 36 32 37 28 26 33 
635
19 34 32 30 31 32 45 25 32 44 27 36 43 28 26 28 36 40 48 37 38 44 30 34 32 37 22 38 23 29 
636
23 12 23 36 45 40 37 34 36 40 41 40 31 30 40 39 35 30 36 40 29 28 33 42 30 27 30 24 35 34 
637
13 32 27 34 43 52 38 36 32 36 34 30 47 28 35 32 40 31 31 34 26 29 32 40 31 28 32 35 25 37 
638
17 23 17 32 37 52 34 43 34 30 24 35 28 33 35 31 38 26 36 37 37 50 30 31 26 40 31 37 39 37 
639
23 33 21 38 44 47 34 47 35 47 38 42 38 28 31 29 42 22 23 27 27 36 27 35 30 26 28 39 24 39 
640
20 16 40 46 36 34 45 41 38 28 32 42 37 27 36 34 27 34 25 35 39 36 34 28 31 24 34 33 33 35 
641
16 24 19 37 31 36 39 39 39 29 34 32 42 42 37 27 42 37 40 33 25 39 39 32 31 29 32 32 26 40 
642
19 26 30 42 34 35 38 45 31 44 37 34 40 26 31 38 23 30 39 25 22 29 28 32 31 35 41 38 35 42 
643
15 18 24 24 34 48 41 52 43 30 28 42 43 29 33 35 29 37 24 37 29 48 38 36 26 25 27 35 37 33 
644
14 19 22 39 36 38 45 38 41 37 32 36 50 40 30 39 37 30 26 38 30 38 26 31 34 33 28 33 23 37 
645
18 21 28 23 25 42 34 33 42 46 41 28 29 33 44 36 29 23 27 43 48 38 36 42 31 33 28 38 35 26 
646
14 22 18 32 34 35 41 39 30 27 42 25 28 44 33 42 37 31 43 31 36 34 42 37 29 27 33 36 36 42 
647
18 29 33 35 26 30 39 37 35 32 34 46 38 33 33 29 37 37 43 46 38 31 42 25 28 31 28 24 29 34 
648
14 17 22 30 42 39 43 26 42 39 40 36 27 41 38 30 42 27 42 28 41 27 37 39 34 23 41 35 32 26 
649
19 15 24 28 33 38 44 31 30 41 45 45 39 45 49 35 30 30 30 31 28 37 36 35 32 30 28 29 37 26 
650
17 25 31 24 40 32 27 41 34 37 32 32 27 48 36 35 39 35 38 32 27 43 36 25 38 38 25 42 34 30 
651
23 19 28 21 40 28 44 43 31 32 39 34 35 29 28 35 45 28 34 42 40 30 27 30 30 32 42 40 38 33 
652
9 22 19 25 42 36 38 44 42 33 40 33 37 30 38 34 41 35 25 38 32 27 33 45 35 38 38 35 24 32 
653
18 23 19 28 30 31 28 37 38 37 35 41 33 29 29 44 32 32 36 36 37 33 40 39 36 46 26 42 34 31 
654
16 15 23 25 35 35 35 42 42 41 40 33 45 33 36 36 46 29 39 35 29 34 31 36 31 29 34 39 27 29 
655
12 19 25 27 40 36 31 42 45 42 32 35 33 27 41 36 33 29 38 30 31 34 27 28 42 26 48 39 44 28 
656
14 12 20 35 34 32 35 34 42 44 40 40 29 36 42 32 35 40 32 42 36 36 28 36 33 32 41 35 25 28 
657
13 14 20 31 27 36 30 44 34 33 34 51 43 42 25 41 48 44 32 24 30 35 34 24 43 30 39 37 30 32 
658
8 18 19 19 37 32 40 44 37 28 32 42 43 39 33 39 27 24 39 34 44 36 36 39 39 33 41 31 29 38 
659
12 17 23 21 34 23 36 34 38 41 48 37 39 43 34 31 32 29 37 39 33 35 42 39 38 30 33 32 41 29 
660
17 12 22 27 41 51 31 37 44 34 33 34 40 37 32 40 33 28 34 34 22 39 31 43 35 34 30 40 34 31 
661
14 12 18 32 42 29 35 39 43 34 39 49 37 45 35 31 34 29 36 34 41 44 37 34 37 31 23 40 24 22 
662
14 11 18 29 28 40 36 34 33 28 43 35 34 46 41 48 45 41 35 42 26 37 32 31 24 29 43 42 18 37 
663
14 14 25 28 29 31 37 37 34 26 49 34 37 43 33 41 34 38 33 45 29 28 36 29 40 47 27 30 39 33 
664
13 22 24 31 36 29 25 33 45 37 30 27 49 48 36 40 36 35 31 41 36 46 30 39 33 34 35 27 23 29 
665
21 14 21 17 35 33 52 40 32 44 38 38 38 34 31 41 30 42 48 27 34 32 27 29 38 34 29 33 36 32 
666
14 16 15 20 35 34 32 48 35 32 36 52 33 44 47 37 38 36 31 39 28 38 32 40 30 25 34 34 31 34 
667
9 14 14 20 36 26 40 41 48 31 34 35 39 41 34 43 39 36 39 30 39 35 33 36 20 41 33 36 39 39 
668
7 11 12 19 35 42 37 42 31 40 48 36 43 22 34 38 41 34 46 33 34 41 39 40 29 21 36 37 34 38 
669
8 12 15 21 32 35 46 32 46 27 41 37 42 34 29 40 47 39 39 39 24 33 34 40 41 24 39 40 37 27 
670
16 14 12 30 31 39 38 31 40 38 41 30 29 34 32 32 38 37 42 37 32 40 38 40 29 33 47 41 36 23 
671
9 14 20 18 28 39 36 30 39 30 38 44 41 30 36 37 35 32 32 29 44 47 32 43 39 35 32 34 35 42 
672
9 20 20 21 42 29 35 37 45 38 44 43 37 34 36 26 38 31 39 43 36 37 39 32 29 28 37 32 37 26 
673
12 14 14 38 24 30 39 27 27 40 40 37 39 40 32 34 33 40 45 34 50 28 36 43 36 32 40 25 39 32 
674
9 18 13 21 34 40 39 46 40 33 40 42 39 30 38 33 40 35 42 33 32 28 37 32 38 30 35 35 33 35 
675
13 20 13 14 33 37 41 52 45 31 27 36 50 39 41 39 34 31 39 35 38 38 40 20 33 29 24 35 41 32 
676
11 17 18 22 40 36 33 36 33 39 36 31 40 32 42 36 33 37 34 39 40 32 44 30 34 30 39 30 37 39 
677
6 13 21 29 29 26 28 42 32 34 27 30 41 39 32 50 43 31 38 39 33 33 40 41 35 28 40 40 36 44 
678
11 20 24 11 34 32 33 33 31 36 41 44 41 33 30 39 25 38 34 35 31 42 40 34 38 41 30 38 38 43 
679
10 14 19 25 28 34 38 43 33 37 35 43 26 38 39 36 35 40 34 50 36 27 34 49 27 27 36 34 34 39 
680
15 17 19 30 24 33 41 37 47 42 34 41 41 38 36 36 25 30 40 46 31 34 37 29 28 25 26 47 38 33 
681
11 18 20 27 29 30 31 49 51 34 36 37 34 26 35 28 42 34 49 34 32 33 38 22 50 39 29 32 42 28 
682
15 18 21 31 43 30 34 53 35 40 31 36 43 29 33 27 34 29 34 26 48 30 38 31 32 37 38 31 37 36 
683
6 22 17 27 30 31 46 39 43 47 36 35 34 33 28 37 34 36 34 36 45 27 34 31 40 36 36 36 34 30 
684
14 18 24 27 39 35 42 41 44 46 43 39 33 31 35 30 35 29 42 30 26 37 30 27 27 33 35 38 38 32 
685
12 20 23 35 37 27 34 45 35 31 37 45 28 32 42 39 30 37 34 40 36 36 36 41 28 36 17 34 34 39 
686
21 24 26 23 39 28 46 26 42 43 29 46 28 33 37 40 36 32 35 30 40 28 35 26 40 30 36 36 26 39 
687
15 25 23 19 37 31 35 37 38 41 47 27 40 39 43 39 37 22 42 40 34 22 35 32 33 29 41 28 33 36 
688
11 24 28 32 30 34 40 39 33 45 29 39 34 32 32 42 29 33 38 28 39 29 38 32 35 25 33 40 40 37 
689
21 24 25 30 46 41 51 41 32 41 38 39 28 35 33 36 39 22 28 32 31 34 31 31 30 32 35 33 25 36 
690
22 16 28 34 41 41 41 51 40 38 25 25 40 34 39 37 31 26 29 37 29 25 34 28 37 42 34 34 26 36 
691
15 20 27 32 34 31 45 32 30 31 28 45 30 33 39 41 38 33 31 36 39 34 38 36 34 35 27 30 41 35 
692
13 16 19 35 46 40 38 34 44 37 26 33 34 43 45 38 39 27 32 26 40 25 38 36 26 32 38 40 23 37 
693
19 23 26 35 37 34 34 45 35 28 49 36 31 44 29 28 29 36 34 41 32 28 32 44 36 27 28 36 39 25 
694
14 16 22 41 39 42 35 43 35 38 42 34 39 33 37 27 30 42 34 23 22 43 30 38 33 36 40 25 31 36 
695
15 21 27 24 34 38 37 29 44 40 36 34 41 46 35 41 32 29 27 30 32 35 35 32 31 36 41 25 44 29 
696
17 19 27 38 42 44 44 42 51 30 28 37 40 27 36 33 29 34 38 40 34 29 42 33 23 32 21 29 34 27 
697
23 23 18 26 27 44 40 41 33 39 41 42 42 43 28 35 33 34 31 35 41 34 38 31 23 35 29 25 28 38 
698
19 26 28 30 31 38 32 39 32 34 40 34 31 26 38 37 38 29 22 35 42 37 39 32 35 38 41 34 32 31 
699
11 22 31 32 39 50 40 32 28 29 41 44 31 35 23 35 34 28 41 36 37 26 34 39 52 42 26 27 33 22 
700
10 19 28 28 37 40 39 37 36 41 31 40 36 33 40 39 41 34 34 40 32 33 39 27 26 29 30 38 33 30 
701
19 24 22 29 41 30 35 32 37 42 38 35 42 35 34 30 39 30 43 43 36 26 33 27 30 27 45 30 33 33 
702
21 30 30 40 31 39 30 44 38 34 30 24 32 30 36 31 34 37 26 33 40 32 37 40 33 32 32 25 40 39 
703
13 25 33 30 37 40 38 40 44 39 30 45 36 41 32 29 37 34 31 45 28 26 26 35 27 34 30 27 37 31 
704
15 25 11 34 33 36 43 35 39 35 22 38 41 32 36 41 34 29 29 35 31 32 43 36 39 33 36 39 32 36 
705
17 14 29 21 33 44 36 43 35 43 36 38 35 41 34 37 29 42 29 37 25 36 36 25 35 31 33 37 38 31 
706
12 20 13 43 43 33 54 39 37 44 34 36 33 34 28 47 30 26 41 34 45 39 29 34 27 31 33 25 26 30 
707
16 19 24 29 39 36 40 46 47 38 33 36 27 43 36 36 30 27 38 40 36 36 33 30 38 34 25 28 28 32 
708
10 24 21 29 28 35 35 35 46 40 41 42 37 45 30 32 29 35 36 30 23 43 35 24 36 37 32 42 35 33 
709
15 22 32 32 26 25 46 36 38 52 43 44 33 31 35 36 37 26 38 38 37 27 32 38 29 29 25 36 38 24 
710
21 15 26 32 42 31 39 31 39 43 38 33 31 30 44 31 40 33 32 34 39 34 32 34 32 40 29 32 35 28 
711
12 20 19 26 38 31 49 39 36 50 39 33 40 23 37 36 34 38 35 32 34 38 31 36 40 36 30 30 33 25 
712
10 17 15 20 37 35 36 39 46 29 42 38 42 41 51 22 29 37 41 37 44 35 34 30 22 30 29 32 33 47 
713
15 12 12 25 44 35 35 44 39 39 43 39 49 44 38 32 33 35 25 32 37 29 29 26 38 38 32 26 38 37 
714
4 15 22 16 29 40 46 26 34 44 42 50 40 39 38 39 32 35 34 32 47 36 31 34 28 43 30 31 31 32 
715
10 18 18 20 37 36 30 34 39 45 39 32 32 52 35 52 36 44 36 31 42 32 29 36 26 36 30 27 34 32 
716
10 23 20 24 40 39 33 36 39 37 32 46 35 32 28 43 30 29 44 31 36 44 39 30 21 40 38 34 37 30 
717
14 23 24 20 36 32 48 37 37 37 39 36 35 40 27 49 37 30 35 31 36 30 26 39 39 30 42 42 34 15 
718
14 14 16 25 29 37 34 37 45 45 44 35 45 39 41 40 38 33 28 31 28 40 27 30 36 35 31 27 33 43 
719
12 14 26 20 32 33 43 43 40 35 41 43 36 41 36 30 48 34 25 23 28 30 38 43 43 21 39 35 41 27 
720
6 15 23 22 29 34 39 46 39 36 36 37 38 37 33 50 39 42 24 32 38 35 33 34 27 46 21 46 38 25 
721
13 21 14 22 36 46 44 40 41 39 33 47 44 39 26 35 36 32 33 28 28 37 35 41 28 44 25 34 26 33 
722
7 14 22 16 30 36 36 39 46 37 45 43 41 32 37 36 46 32 32 30 36 36 35 41 31 31 36 29 34 34 
723
10 13 16 22 31 36 38 27 43 44 32 37 45 39 37 27 37 39 39 29 33 34 40 26 43 31 41 36 39 36 
724
6 18 21 21 36 36 37 43 41 33 29 35 34 43 28 38 32 27 41 30 35 39 34 37 42 33 28 43 41 39 
725
7 18 14 21 33 30 38 35 43 41 31 33 45 32 38 29 37 37 37 35 30 40 36 42 38 36 39 29 37 39 
726
5 15 18 19 28 43 29 36 38 37 35 29 30 38 37 37 47 30 41 29 41 35 36 33 27 32 47 52 40 36 
727
8 14 18 25 24 24 25 26 35 38 41 34 56 31 35 48 42 46 33 36 41 29 39 36 36 35 40 36 32 37 
728
8 13 16 26 28 30 42 34 56 33 38 26 34 38 38 44 41 34 42 38 34 38 29 32 33 42 36 34 32 31 
729
11 19 15 22 28 30 37 33 37 35 38 27 35 38 44 40 41 27 24 31 41 40 33 47 40 32 40 37 44 34 
730
7 16 9 18 29 23 42 38 34 36 39 39 38 38 37 41 36 35 34 39 27 36 42 30 33 42 38 38 43 43 
731
7 14 8 19 32 31 31 44 37 33 47 44 42 26 35 40 33 42 47 34 24 34 37 28 39 40 36 43 37 36 
732
9 17 14 19 28 31 32 37 41 34 33 45 27 39 38 39 44 36 36 37 39 31 23 30 46 35 38 48 35 39 
733
6 14 18 27 32 33 37 41 41 40 38 32 33 40 36 35 40 43 28 43 32 37 29 37 37 35 36 33 30 37 
734
8 8 14 30 39 20 40 43 40 25 42 43 31 44 30 31 38 33 38 32 32 37 30 41 44 31 39 36 42 39 
735
11 21 20 23 28 29 34 40 39 37 43 32 41 35 34 55 44 34 33 29 37 49 31 39 27 31 28 36 32 28 
736
9 20 19 31 30 39 29 34 43 46 33 31 30 26 34 44 30 29 42 35 43 43 35 34 40 37 34 29 38 33 
737
12 16 16 18 25 36 44 43 29 35 39 41 44 36 50 30 38 39 47 24 38 38 36 29 22 34 25 35 40 41 
738
11 16 27 22 27 49 29 33 50 39 38 44 39 39 33 36 41 30 31 40 32 38 37 30 21 32 41 26 37 32 
739
8 22 21 21 32 26 31 35 36 31 37 37 29 45 38 42 40 29 44 50 41 34 32 35 30 27 28 36 36 47 
740
8 17 29 20 24 31 39 43 41 33 39 42 34 34 39 34 43 35 44 35 37 36 33 37 36 32 31 31 34 29 
741
13 14 30 24 38 33 37 42 46 45 45 31 40 41 23 28 38 32 39 35 36 29 33 34 44 39 38 23 29 21 
742
20 22 22 30 30 23 30 32 40 36 44 30 33 39 33 34 28 29 43 40 38 31 41 37 39 44 30 35 41 26 
743
23 25 24 29 34 38 32 37 39 41 26 38 39 27 32 37 36 30 48 44 34 37 40 35 27 36 35 25 30 22 
744
22 26 33 37 46 33 30 42 36 36 42 43 19 40 30 37 38 33 24 32 36 36 35 35 28 29 34 35 26 27 
745
22 17 22 25 37 54 39 49 24 43 42 29 39 39 38 30 29 34 32 35 36 36 34 28 31 24 30 36 25 41 
746
17 27 26 32 25 40 48 32 32 46 38 36 28 35 35 40 32 25 33 33 36 36 29 34 34 37 34 40 26 34 
747
18 21 23 33 31 44 36 39 51 39 39 38 46 34 33 34 32 40 26 23 34 26 40 26 26 38 37 37 19 37 
748
20 22 25 25 23 32 36 44 31 34 35 38 38 32 37 35 30 32 31 47 30 31 38 40 29 45 30 45 33 32 
749
22 32 28 34 24 43 52 37 38 38 27 30 34 35 31 38 31 32 25 32 31 38 40 32 29 22 47 36 33 29 
750
19 29 27 32 38 36 41 42 28 41 29 33 33 46 35 37 37 36 39 36 32 26 25 40 28 35 26 32 29 33 
751
19 24 32 36 37 45 34 42 44 31 43 40 33 32 36 36 35 34 31 31 35 33 39 27 29 31 28 30 34 19 
752
12 21 37 32 25 35 35 51 32 38 37 42 35 27 20 38 29 35 38 43 44 33 29 29 39 39 24 32 34 35 
753
22 18 30 35 35 35 43 41 43 41 39 26 35 38 30 31 32 30 34 42 33 32 33 37 29 28 40 27 28 33 
754
16 28 36 46 34 38 36 36 33 38 41 37 28 40 26 36 36 43 38 30 34 30 28 28 25 31 31 35 37 25 
755
18 20 22 28 35 47 39 45 27 32 41 43 24 42 40 39 34 39 29 34 31 33 41 36 34 26 27 29 25 40 
756
10 26 27 34 28 34 32 42 44 39 37 31 34 50 38 27 33 36 35 38 30 46 32 37 29 41 35 19 31 25 
757
16 23 28 34 40 38 41 32 31 41 49 41 40 45 29 30 31 42 31 35 38 41 31 24 29 22 31 29 31 27 
758
18 25 30 39 30 34 36 27 38 34 37 35 42 36 34 42 36 32 33 38 29 27 25 36 33 34 24 36 40 40 
759
7 26 23 26 38 36 42 39 36 37 45 33 34 42 30 22 21 40 47 33 37 26 42 30 29 30 42 33 42 32 
760
18 29 22 27 38 35 31 42 43 47 34 32 38 35 29 29 32 37 29 40 38 29 37 32 23 31 42 34 30 37 
761
11 23 25 33 47 35 41 39 44 41 41 39 43 32 34 31 36 38 29 33 29 20 38 32 27 36 29 35 34 25 
762
22 26 22 30 45 41 28 39 39 39 35 28 35 36 31 36 29 26 36 28 39 33 30 41 34 37 38 36 24 37 
763
10 22 15 33 37 41 33 31 31 37 37 48 36 50 45 25 46 36 42 31 32 35 28 32 33 28 38 27 33 28 
764
8 12 25 36 38 41 38 51 35 31 32 32 35 34 38 30 28 25 34 33 32 40 26 33 33 45 36 44 38 37 
765
13 18 28 19 30 34 40 40 36 45 39 48 35 39 34 32 40 27 42 30 23 35 31 35 32 28 40 33 49 25 
766
16 15 21 29 31 36 35 46 45 43 44 38 31 39 34 31 44 30 32 36 33 37 35 29 37 34 28 36 35 20 
767
12 22 25 26 34 27 42 38 35 36 32 43 35 44 25 39 19 34 34 52 37 26 37 36 29 33 31 40 35 42 
768
10 20 24 33 37 43 36 39 53 51 44 44 36 30 30 32 40 37 29 28 34 24 32 26 37 28 22 36 31 34 
769
14 14 20 28 34 28 36 31 34 29 46 36 40 29 36 28 30 33 48 45 35 35 42 33 33 28 39 39 36 41 
770
19 23 24 40 30 32 45 47 26 24 29 44 48 42 37 36 27 45 32 30 27 38 31 39 34 32 27 33 28 31 
771
9 16 24 28 35 46 44 37 43 48 48 43 31 34 32 33 37 32 38 35 30 34 29 37 22 32 33 35 25 30 
772
6 31 16 24 32 40 44 48 26 40 29 39 31 33 38 34 47 40 27 27 35 38 45 25 30 29 41 43 33 29 
773
12 14 16 23 49 29 40 44 27 38 48 43 27 44 38 30 41 32 34 29 24 40 26 46 30 33 34 39 33 37 
774
12 15 23 27 37 45 32 36 33 40 41 36 25 41 35 38 34 37 33 37 36 48 25 33 37 29 26 41 37 31 
775
20 18 21 30 43 33 29 31 42 37 43 40 32 35 33 31 31 35 40 34 28 39 35 36 29 37 32 40 32 34 
776
8 12 18 28 26 40 40 36 38 45 43 35 34 41 30 37 37 46 32 31 41 34 35 28 37 30 36 33 33 36 
777
24 21 19 21 34 41 37 43 41 32 34 30 29 32 45 40 41 40 32 35 34 34 30 34 35 33 36 32 35 26 
778
11 16 17 25 27 36 31 25 53 45 25 50 32 34 51 36 28 41 35 23 45 44 36 32 26 33 50 27 34 32 
779
11 11 15 23 32 36 29 29 33 35 42 37 25 38 38 38 49 47 44 36 29 26 46 38 25 34 43 36 35 40 
780
15 13 15 17 38 31 35 30 37 50 40 41 50 35 38 29 27 30 43 36 27 40 30 39 32 48 30 36 36 32 
781
11 12 15 25 31 27 46 33 39 40 49 40 36 43 42 38 36 32 35 30 34 35 34 33 27 29 41 30 36 41 
782
12 11 12 17 37 32 40 40 46 40 42 41 35 43 30 27 40 36 30 30 32 37 38 50 32 34 34 42 31 29 
783
4 14 15 27 36 32 44 36 36 31 44 35 33 50 43 35 40 33 45 34 34 35 20 36 30 38 39 29 34 38 
784
9 8 18 23 36 27 39 38 36 36 39 31 30 41 37 40 50 33 37 35 37 33 39 41 29 36 38 38 39 27 
785
5 15 22 26 33 34 35 36 34 35 32 48 38 36 39 44 33 42 37 30 28 46 32 34 30 33 40 34 37 32 
786
8 9 14 30 28 33 38 26 29 39 32 38 51 41 49 40 41 24 39 34 42 44 39 40 24 33 41 32 31 31 
787
8 15 13 20 32 31 25 39 42 35 40 53 43 40 35 28 35 34 33 40 46 40 30 38 31 36 32 43 25 38 
788
11 8 13 19 32 39 40 37 36 39 34 33 44 43 42 37 36 36 37 39 29 39 42 36 28 30 30 32 39 40 
789
8 12 21 17 26 28 40 42 27 37 46 47 41 39 31 41 32 37 30 38 40 26 37 34 34 42 41 34 43 29 
790
5 11 15 25 30 31 43 47 38 34 40 30 30 35 45 43 33 41 35 33 34 37 35 36 34 38 31 36 36 39 
791
10 17 13 18 32 36 23 40 45 47 34 44 33 36 31 43 35 32 32 36 29 35 32 42 34 30 49 42 32 38 
792
13 13 20 24 36 38 40 33 35 40 36 47 34 35 35 43 34 35 33 39 24 37 37 28 43 30 25 38 34 41 
793
6 12 22 20 26 36 20 46 29 46 35 48 34 36 46 43 45 36 25 35 40 37 31 40 27 32 34 39 38 36 
794
14 15 16 22 28 28 36 42 36 41 43 37 35 37 39 41 38 34 25 38 32 38 43 35 32 44 29 26 47 29 
795
9 8 18 30 29 35 33 53 38 39 32 43 34 30 31 38 32 39 38 34 34 30 45 33 39 47 34 35 32 28 
796
12 7 28 25 31 37 32 34 53 26 29 45 40 35 34 48 40 26 31 40 35 36 39 38 38 42 27 33 29 30 
797
10 9 17 30 35 35 33 35 44 41 44 36 36 41 33 34 32 29 43 37 32 36 34 34 37 34 35 46 29 29 
798
14 17 17 19 30 29 40 32 46 40 29 43 44 46 33 39 32 41 35 34 34 37 44 34 37 31 29 26 39 29 
799
9 16 24 28 36 34 35 29 28 38 38 33 30 31 45 35 29 35 36 27 44 36 42 33 40 35 42 33 46 33 
800
12 21 19 32 28 39 26 43 44 35 47 37 38 49 29 29 29 44 30 24 42 36 21 35 33 30 30 40 39 39 
801
16 21 21 20 24 46 31 41 35 36 35 39 41 33 39 26 35 36 35 35 38 39 35 35 45 29 31 26 43 34 
802
15 20 22 26 29 33 34 43 42 37 34 39 42 37 41 33 37 39 44 26 41 23 43 29 37 34 39 20 35 26 
803
12 15 23 19 34 47 42 39 41 30 36 34 45 45 27 26 40 35 42 39 30 25 41 31 40 29 37 35 43 18 
804
15 14 22 31 33 28 28 54 34 34 43 38 30 37 46 30 30 32 34 36 36 32 53 29 40 33 27 43 25 33 
805
15 16 30 22 37 33 39 38 44 37 32 39 41 40 36 30 32 31 43 36 23 34 36 41 16 35 32 33 38 41 
806
11 14 21 32 33 31 40 38 35 38 35 43 32 34 36 41 38 38 36 38 32 33 41 32 35 24 22 38 40 39 
807
16 26 24 32 39 34 34 37 48 35 43 34 31 33 23 37 34 32 39 35 41 35 33 36 36 33 27 28 34 31 
808
23 30 26 31 34 36 41 39 32 55 36 29 32 41 34 32 42 28 41 38 32 38 26 36 32 23 20 32 38 23 
809
12 22 28 30 35 31 48 48 46 42 24 40 34 38 33 40 30 32 30 29 23 37 28 33 35 32 35 35 34 36 
810
18 24 21 29 48 41 40 43 28 26 45 42 43 29 40 36 27 38 40 30 35 27 30 32 32 29 35 23 36 33 
811
10 22 29 31 38 31 32 36 38 39 42 42 42 38 36 27 38 25 47 27 32 35 22 33 39 43 32 32 31 31 
812
21 19 21 31 39 42 42 27 40 41 41 41 41 38 35 30 49 37 40 28 28 37 30 32 29 23 37 27 25 29 
813
16 25 24 25 34 38 40 34 45 33 36 39 36 38 35 38 30 32 34 28 35 22 38 27 36 41 36 39 35 31 
814
21 17 23 32 34 51 43 43 40 38 36 35 38 25 32 27 37 19 34 30 33 26 38 38 39 33 30 38 35 35 
815
19 14 27 37 31 47 34 34 48 28 31 40 32 41 42 35 33 34 33 43 23 30 26 30 22 44 43 26 40 33 
816
18 15 28 32 35 32 41 36 39 29 39 35 26 35 38 44 26 38 39 36 37 31 37 31 36 31 33 35 36 32 
817
19 20 22 25 36 34 37 35 45 33 34 44 28 43 35 31 26 43 23 37 32 28 42 34 41 48 31 34 34 26 
818
15 28 24 28 36 44 36 50 34 44 38 36 20 43 27 23 25 41 38 45 33 24 40 34 26 32 39 28 27 42 
819
15 34 23 28 41 37 32 32 44 38 31 38 28 44 30 35 39 30 29 47 23 29 29 39 42 26 26 33 41 37 
820
11 18 19 25 48 39 34 37 34 33 32 43 34 41 38 39 32 23 39 26 39 32 33 29 21 37 41 41 49 33 
821
15 23 18 30 34 44 35 49 37 40 38 41 39 28 34 35 39 42 33 35 29 34 25 35 31 30 26 40 32 29 
822
15 26 18 30 42 40 47 32 27 36 41 30 42 37 31 48 31 44 25 31 30 42 35 25 37 31 24 34 37 32 
823
16 29 21 26 31 29 29 36 57 53 41 29 29 33 36 33 34 31 36 37 39 28 31 30 35 39 41 34 32 25 
824
17 21 23 27 27 36 47 44 38 36 27 38 48 45 24 33 37 41 33 31 37 34 40 25 28 31 33 40 19 40 
825
11 19 21 36 30 31 47 50 31 33 42 45 39 32 39 32 24 29 41 33 37 33 32 39 42 34 31 28 24 35 
826
6 19 18 24 33 42 24 42 33 48 36 38 37 40 36 30 33 30 34 28 31 40 40 30 30 41 35 47 41 34 
827
13 25 20 31 37 45 37 34 43 36 38 32 39 40 37 31 35 30 26 36 35 25 39 37 30 38 35 31 27 38 
828
17 25 24 26 27 35 45 36 40 36 46 43 23 42 33 34 27 34 42 36 39 30 31 27 35 28 44 37 27 31 
829
12 22 27 16 24 38 35 42 37 31 44 46 36 33 36 40 36 34 36 35 32 37 34 31 30 34 41 33 40 28 
830
19 23 19 27 33 39 42 36 38 41 32 34 27 43 34 42 33 39 42 34 21 40 28 34 32 40 31 29 38 30 
831
8 19 23 33 33 31 32 42 35 44 30 38 35 34 32 39 42 38 31 31 37 34 40 37 31 31 34 32 36 38 
832
17 15 21 36 33 42 39 32 43 37 26 46 33 34 42 42 30 53 28 38 32 36 36 24 33 27 26 36 34 29 
833
16 18 18 23 20 41 48 35 23 46 44 31 31 40 45 33 42 40 32 44 42 37 38 25 33 27 31 35 33 29 
834
17 18 20 25 28 29 38 32 39 39 24 42 38 38 36 34 42 34 31 39 32 32 52 27 33 36 36 35 38 36 
835
8 17 24 24 33 32 32 32 40 36 33 34 43 30 36 35 35 32 40 34 45 27 38 41 32 37 32 43 38 37 
836
8 16 20 28 29 38 32 35 38 30 36 45 38 35 33 29 34 41 41 45 34 30 40 24 36 34 53 32 36 30 
837
12 14 15 19 36 39 39 44 24 34 33 35 40 28 31 39 33 53 48 34 32 30 35 39 25 41 37 37 42 32 
838
19 22 15 20 33 32 34 42 37 36 38 47 28 37 47 23 31 31 44 41 38 40 34 34 40 33 30 31 31 32 
839
11 11 21 21 32 42 33 34 39 34 40 31 40 54 37 36 37 42 40 30 31 35 35 36 29 35 30 40 21 43 
840
10 15 11 22 31 49 29 39 30 49 40 33 42 41 42 40 30 35 42 30 40 30 40 32 33 31 29 29 38 38 
841
8 10 20 22 24 24 35 37 42 41 36 52 50 30 29 44 35 30 29 46 37 46 40 32 31 33 28 38 32 39 
842
13 19 21 16 25 29 35 45 51 32 27 42 25 41 36 31 44 33 51 37 37 30 48 29 31 37 36 30 35 34 
843
9 13 13 21 36 27 32 30 36 41 48 31 30 36 28 47 43 39 31 39 37 33 35 42 36 41 35 42 33 36 
844
9 12 23 16 29 31 39 26 41 33 44 41 33 36 46 40 31 36 48 35 39 29 38 40 24 31 31 40 43 36 
845
7 13 16 29 24 24 49 37 34 42 54 35 25 25 32 41 30 31 35 30 37 30 42 45 41 38 44 32 33 45 
846
8 16 20 12 23 36 39 44 33 38 36 35 40 43 36 44 45 24 44 47 35 33 44 41 29 31 33 33 34 24 
847
7 8 17 16 47 37 28 34 29 34 39 40 35 41 43 31 36 32 38 24 32 47 33 42 38 46 35 44 39 28 
848
4 17 18 27 31 35 41 40 35 36 38 44 41 33 33 39 34 32 39 35 41 37 38 41 39 35 25 35 27 30 
849
5 18 23 23 36 29 35 45 33 39 35 42 36 38 38 35 44 39 31 38 37 31 30 33 36 28 40 38 32 33 
850
6 17 15 20 28 27 40 34 34 43 41 39 31 41 35 39 29 46 46 47 36 37 32 42 24 33 36 35 37 30 
851
14 11 12 23 22 35 47 47 30 40 29 25 33 39 43 34 28 45 32 39 44 37 37 37 28 48 38 43 25 35 
852
10 17 24 23 28 33 39 28 36 45 30 53 28 32 45 35 32 40 29 31 38 30 43 32 41 35 39 40 26 38 
853
7 14 15 22 24 29 32 35 33 43 37 49 33 41 31 37 34 49 40 30 44 36 50 36 43 30 35 35 28 28 
854
8 14 22 18 34 36 39 32 37 43 44 42 39 45 34 35 23 43 32 40 34 25 33 33 38 46 30 30 34 37 
855
8 19 15 26 30 32 37 30 38 42 44 44 35 37 34 30 44 35 40 34 39 27 43 34 43 38 29 31 32 30 
856
11 12 16 25 39 37 39 32 35 44 41 41 36 35 39 42 48 30 31 40 34 29 39 30 29 40 28 43 33 22 
857
9 9 14 31 23 34 41 49 40 45 30 40 38 37 41 30 23 39 42 52 30 39 38 35 35 32 25 35 26 38 
858
9 12 22 27 31 31 39 35 41 45 29 30 40 28 35 42 48 42 37 42 35 31 41 32 34 36 22 30 33 41 
859
11 18 19 32 23 42 37 41 32 40 37 43 34 40 36 36 30 33 45 26 35 40 36 38 38 34 26 31 42 25 
860
9 21 26 26 25 35 34 40 43 38 42 29 29 32 42 35 42 31 39 37 39 33 25 33 47 34 38 30 30 36 
861
14 18 29 19 24 32 44 34 34 23 27 38 42 49 38 46 41 42 32 30 33 34 34 32 32 36 29 40 48 26 
862
15 16 28 31 27 42 42 45 33 42 31 47 40 33 38 29 45 30 24 29 43 24 31 38 38 35 29 35 35 25 
863
12 22 21 32 26 45 43 30 40 43 37 38 49 32 41 25 29 32 35 31 33 37 44 34 39 35 27 26 33 29 
864
11 23 30 30 36 28 43 36 44 43 22 37 35 25 38 28 34 33 33 35 44 29 39 37 35 40 26 37 32 37 
865
10 15 25 21 40 28 33 40 28 43 39 37 31 36 31 36 34 37 33 31 35 30 36 32 48 46 35 34 31 45 
866
11 29 17 27 25 36 36 32 39 31 30 45 35 39 39 26 52 27 40 26 35 34 29 29 25 55 31 39 40 41 
867
18 21 24 38 40 36 53 25 37 37 34 34 35 29 34 47 36 26 30 37 41 31 43 28 22 36 42 36 32 18 
868
16 17 24 32 34 26 36 39 32 42 35 42 39 33 40 30 52 39 29 31 26 49 38 26 34 27 25 32 39 36 
869
12 17 31 27 46 42 39 38 35 28 34 32 30 36 35 41 39 37 36 38 43 33 29 30 36 33 31 34 26 32 
870
12 38 25 36 32 36 34 36 32 54 33 42 40 34 36 35 33 20 34 36 39 37 28 27 30 25 29 28 45 34 
871
19 20 22 35 35 40 31 35 37 32 40 43 29 29 35 25 35 38 36 43 38 28 31 34 41 38 37 34 26 34 
872
13 24 29 33 38 42 52 35 42 39 42 47 35 32 28 38 30 22 35 33 35 39 22 36 27 35 28 38 26 25 
873
14 23 26 43 31 39 38 41 38 41 31 26 29 33 35 21 38 37 35 38 30 30 30 27 36 30 45 43 33 39 
874
13 26 24 30 26 39 37 35 35 44 38 37 28 39 41 39 25 39 30 37 31 35 29 33 30 43 37 41 27 32 
875
18 32 27 34 42 37 35 46 39 45 33 35 36 35 30 34 36 32 32 24 36 25 29 30 30 30 41 33 28 36 
876
16 27 24 30 48 37 42 42 38 50 40 47 34 34 32 36 33 29 31 39 35 36 26 23 25 26 23 38 33 26 
877
21 23 20 31 43 49 38 36 35 34 39 49 26 39 30 34 33 34 28 38 26 33 32 31 32 35 27 39 28 37 
878
19 30 27 29 36 43 39 42 34 51 44 44 35 34 29 32 28 29 35 35 30 31 34 38 34 36 26 29 23 24 
879
15 31 20 30 36 47 27 44 39 33 28 33 31 39 24 35 38 30 27 38 26 33 40 34 38 36 34 36 44 34 
880
7 21 24 34 27 44 34 41 39 33 36 42 30 42 40 39 31 28 35 41 35 41 32 35 34 39 41 21 27 27 
881
18 14 20 24 27 38 37 34 27 43 34 51 43 35 40 33 32 39 39 38 39 33 25 30 38 35 32 35 29 38 
882
17 15 25 20 40 41 52 40 32 33 32 40 29 43 31 33 37 38 39 33 40 38 28 35 33 29 22 35 35 35 
883
18 16 25 23 32 40 37 38 48 43 32 46 40 41 33 32 31 34 37 37 33 39 26 35 24 35 32 27 33 33 
884
17 18 19 33 42 32 33 38 39 53 39 44 20 30 26 33 31 45 34 38 36 34 44 34 33 32 40 29 23 31 
885
17 15 29 43 38 40 38 38 41 31 41 39 37 40 42 30 36 38 29 29 36 20 43 28 30 42 26 29 20 35 
886
16 24 23 34 27 40 34 36 30 45 41 39 33 45 41 37 27 25 36 27 40 37 31 34 29 36 35 30 32 36 
887
11 17 19 40 39 40 31 31 35 46 38 35 41 32 23 36 37 36 30 22 37 36 33 39 42 38 32 31 35 38 
888
22 28 19 31 32 34 43 39 38 32 34 45 29 38 37 35 40 28 27 27 35 28 29 31 38 40 26 43 27 45 
889
19 16 21 27 28 35 38 41 43 43 27 50 39 32 37 29 35 46 29 37 32 34 39 31 28 31 39 35 24 35 
890
17 16 26 30 37 32 36 42 48 39 46 37 39 36 29 36 36 34 34 40 33 33 35 24 30 27 37 31 26 34 
891
15 12 19 43 30 31 39 39 57 39 37 33 36 34 29 39 35 30 37 35 36 35 35 30 35 33 33 24 33 37 
892
23 13 16 28 39 33 44 40 33 40 27 41 37 48 36 28 39 27 30 24 44 30 30 39 33 38 30 34 47 29 
893
17 22 23 14 31 38 56 42 50 38 29 32 30 35 30 36 32 30 35 29 33 35 39 38 37 30 27 39 29 44 
894
10 18 17 35 43 33 49 38 38 47 29 32 41 37 35 31 34 32 35 28 39 27 31 36 38 36 38 36 36 21 
895
19 16 14 19 41 33 38 40 31 33 39 38 32 35 38 38 27 45 31 37 33 33 35 35 31 40 36 38 35 40 
896
12 10 22 30 28 38 49 38 25 44 44 36 33 41 33 36 37 52 30 35 38 39 28 29 29 36 29 24 32 43 
897
15 17 15 20 30 42 42 42 36 43 32 40 47 48 29 34 33 30 32 36 29 35 30 31 31 40 39 27 37 38 
898
13 10 16 31 32 27 43 33 35 47 41 35 44 39 42 31 36 32 39 34 45 39 29 33 23 23 29 37 40 42 
899
17 27 13 24 24 36 26 48 39 38 37 41 34 32 32 36 31 36 38 41 35 48 28 35 40 32 35 33 27 37 
900
4 14 14 29 40 39 38 47 28 42 37 28 36 28 26 38 32 39 36 46 41 40 34 38 33 38 24 34 32 45 
901
11 18 26 25 29 31 40 42 30 30 44 43 31 33 40 42 42 32 40 37 35 41 32 27 28 36 34 27 35 39 
902
11 21 20 21 35 33 37 36 29 30 37 34 34 32 33 31 36 33 30 39 46 36 31 49 41 25 38 42 40 40 
903
10 9 17 20 43 26 32 30 34 31 44 39 26 55 45 37 36 32 30 40 35 36 34 40 34 42 28 30 44 41 
904
8 14 24 19 30 34 33 35 42 42 41 37 30 45 31 36 33 38 49 34 40 52 35 31 33 40 31 24 28 31 
905
13 12 12 32 28 27 43 32 35 35 37 44 39 34 29 34 41 39 27 36 47 36 34 40 40 33 36 42 28 35 
906
9 13 17 26 37 24 40 45 35 49 30 38 39 35 47 34 33 37 33 36 25 37 42 42 26 26 34 45 28 38 
907
17 12 13 19 29 36 42 42 30 43 37 38 40 40 35 48 34 26 33 45 30 37 40 29 31 34 36 36 30 38 
908
5 15 10 16 34 43 40 45 36 39 42 44 50 27 34 40 31 41 35 34 33 33 28 37 34 38 32 33 35 36 
909
10 13 10 23 20 37 36 41 39 30 31 32 40 38 38 38 43 38 43 45 28 43 36 39 23 36 37 42 31 40 
910
11 9 16 26 29 41 31 34 41 45 48 35 35 34 29 39 38 39 32 27 36 35 40 35 42 41 34 39 28 31 
911
8 12 17 19 31 26 41 40 42 44 44 39 35 30 41 38 37 44 29 42 27 41 35 40 35 40 38 32 25 28 
912
12 15 13 14 43 25 42 26 45 36 25 37 40 39 34 36 22 32 42 46 35 42 39 46 38 35 38 35 35 33 
913
4 15 17 19 30 30 43 31 31 29 25 42 46 41 33 33 23 45 42 48 30 36 35 36 28 33 49 52 38 36 
914
9 11 21 22 38 29 41 49 36 36 30 36 36 30 38 41 45 30 31 37 48 30 40 28 43 30 39 31 35 30 
915
5 12 13 19 32 32 37 30 44 34 45 31 26 38 44 35 33 25 40 31 39 53 42 39 42 37 28 41 40 33 
916
8 10 21 23 38 35 38 30 38 33 50 34 53 37 32 46 33 34 33 26 39 38 29 47 34 40 34 36 22 29 
917
18 11 14 24 31 29 45 35 29 34 33 34 41 36 42 38 40 32 30 27 33 35 30 41 46 34 38 32 55 33 
918
8 18 23 23 30 17 37 40 38 36 47 43 40 43 34 36 36 28 28 30 48 35 28 37 42 26 40 40 30 39 
919
11 14 15 31 21 36 38 32 46 43 52 27 31 26 44 32 40 30 37 36 38 36 42 26 32 33 34 36 46 35 
920
8 20 16 20 34 22 40 35 30 41 37 34 34 42 41 48 42 41 29 38 34 29 45 33 37 29 46 33 34 28 
921
7 12 19 29 37 43 36 40 30 36 33 53 51 40 39 28 42 36 40 29 30 23 27 34 30 32 44 31 34 35 
922
10 13 20 34 32 34 41 33 41 33 39 29 37 42 43 47 22 35 34 35 22 31 33 37 40 40 35 34 33 41 
923
12 25 31 18 33 32 32 36 33 36 38 29 38 35 39 43 41 35 34 35 37 34 37 26 39 31 33 32 32 44 
924
16 21 22 21 33 50 40 38 40 39 32 29 45 37 33 36 33 28 27 34 28 30 32 39 39 33 35 35 33 42 
925
8 19 22 23 36 35 34 54 33 42 39 28 37 29 26 34 35 38 34 42 31 33 50 35 43 36 32 38 27 27 
926
16 24 23 22 35 40 28 43 32 50 39 35 38 40 30 40 41 36 30 33 38 27 36 42 21 31 31 38 40 21 
927
13 21 25 21 24 38 33 46 29 39 38 37 41 40 33 39 47 30 38 29 31 31 36 35 38 27 30 33 44 34 
928
12 17 24 22 28 33 45 32 31 42 38 45 32 37 31 35 35 39 31 49 37 33 44 30 42 30 30 40 31 25 
929
14 21 24 27 35 30 33 34 53 41 39 29 35 32 38 43 42 33 44 40 40 30 32 30 24 34 32 24 35 32 
930
17 23 26 26 34 35 47 38 33 41 41 40 40 34 34 44 27 30 37 29 39 30 43 29 29 36 30 33 31 24 
931
18 21 26 31 26 40 38 35 36 40 39 37 36 44 34 25 39 39 37 29 47 37 29 31 33 31 30 28 27 37 
932
12 30 21 27 25 45 43 45 43 36 29 34 37 24 41 37 27 43 38 21 42 39 27 36 33 27 39 35 29 35 
933
21 20 24 20 39 27 33 42 38 40 27 32 32 40 38 38 38 39 38 46 43 35 25 29 34 44 30 25 30 33 
934
14 24 21 31 25 32 37 37 45 46 30 27 38 38 47 34 42 44 28 29 29 32 34 31 33 38 34 30 37 33 
935
16 20 21 31 38 39 34 42 26 44 23 31 36 34 39 33 46 38 41 28 29 42 37 36 38 32 26 33 37 30 
936
17 26 29 28 39 29 39 41 44 55 29 33 29 31 47 38 28 27 31 46 30 36 29 20 39 34 36 36 28 26 
937
9 14 25 21 38 42 33 45 31 31 31 43 31 40 43 39 31 37 27 46 38 32 42 30 40 35 36 28 36 26 
938
21 16 26 30 32 33 51 30 42 51 37 30 45 39 26 37 32 37 23 34 34 35 24 32 36 39 29 35 35 29 
939
15 21 20 31 40 32 36 40 33 31 31 42 45 36 32 31 34 35 29 24 37 34 28 39 36 37 36 39 36 40 
940
22 24 21 24 25 31 44 38 42 40 42 34 42 30 27 33 34 45 41 23 42 25 38 25 31 33 36 40 34 34 
941
19 22 37 34 33 38 37 33 41 36 39 34 30 24 42 39 31 27 37 39 32 30 33 31 26 40 32 38 38 28 
942
16 19 28 25 44 35 18 35 30 46 53 40 46 33 37 31 37 37 44 41 30 28 36 31 25 38 25 32 33 27 
943
21 28 24 26 35 34 28 39 34 36 34 34 33 34 38 51 37 31 34 31 30 28 26 35 35 32 42 44 38 28 
944
14 19 17 34 34 43 32 44 36 43 38 24 37 39 35 35 34 40 47 28 25 32 31 40 26 25 36 41 31 40 
945
14 16 23 22 31 41 27 34 37 40 31 45 36 33 42 40 31 39 38 34 36 37 42 35 28 38 32 34 31 33 
946
19 18 25 34 31 38 43 35 33 47 35 33 35 33 35 38 34 36 31 30 34 36 27 23 40 34 36 31 35 41 
947
12 15 20 31 30 41 32 39 32 37 32 42 38 33 39 34 40 38 39 23 39 42 34 30 42 32 37 38 28 31 
948
14 20 18 36 38 43 34 35 38 38 48 36 43 33 30 27 47 36 29 38 27 32 40 32 34 36 32 30 25 31 
949
16 23 16 19 25 38 36 40 36 49 37 45 24 41 29 38 43 32 34 28 24 45 35 41 31 33 40 35 42 25 
950
15 22 21 22 34 35 31 30 39 35 44 39 38 33 47 38 28 33 26 35 34 44 42 47 23 37 27 30 34 37 
951
9 21 23 28 30 33 30 40 30 39 34 50 43 32 35 48 36 33 32 41 26 39 40 22 43 41 29 24 22 47 
952
12 14 14 19 25 34 37 37 37 39 40 44 29 45 41 33 39 36 42 40 38 36 33 43 29 30 30 34 36 34 
953
11 21 19 20 41 35 33 33 31 46 32 37 33 37 32 34 38 41 43 32 30 35 34 37 39 34 33 31 45 33 
954
11 21 24 27 30 38 43 46 30 36 32 35 38 43 32 24 52 35 37 21 42 40 25 30 34 29 42 37 25 41 
955
10 8 16 23 33 43 33 38 47 42 43 25 41 38 35 42 33 34 35 31 31 32 37 33 39 31 32 35 38 42 
956
12 14 25 14 32 34 38 34 38 35 39 36 34 48 27 40 45 37 32 28 40 34 26 32 41 33 41 40 38 33 
957
9 7 19 29 28 31 34 43 40 35 39 41 35 42 39 39 33 41 43 28 35 24 30 38 28 38 44 35 38 35 
958
6 10 20 15 26 36 37 46 33 45 43 30 37 49 54 41 32 42 32 34 31 42 31 29 37 30 29 35 36 32 
959
6 10 16 12 31 37 39 37 31 35 41 56 43 31 34 43 28 44 36 45 38 32 42 31 35 45 33 31 22 36 
960
13 6 22 21 28 30 39 42 36 32 38 36 41 38 37 36 34 40 42 33 37 47 34 27 26 48 35 36 42 24 
961
3 11 13 29 27 32 39 37 44 47 41 26 45 40 43 37 43 27 31 36 36 37 33 34 23 40 32 32 40 42 
962
8 16 16 21 30 56 28 34 34 36 49 33 36 36 40 43 39 47 27 40 35 36 23 36 28 39 38 36 39 21 
963
10 10 18 13 30 17 40 35 40 34 31 44 40 33 37 44 41 34 42 41 41 44 44 28 40 33 40 34 32 30 
964
6 16 19 22 27 28 35 44 30 47 36 39 24 42 25 37 42 32 36 43 39 30 39 34 43 33 29 48 38 37 
965
10 8 17 31 27 33 46 52 35 42 39 44 32 36 36 32 47 34 36 42 33 37 24 31 34 31 32 32 34 33 
966
10 16 11 17 26 37 34 38 31 38 28 37 43 31 46 45 39 39 32 30 28 47 42 26 41 44 30 41 42 31 
967
6 13 18 22 34 27 32 38 36 46 35 40 36 43 35 32 35 31 35 40 34 46 30 38 42 38 35 46 38 19 
968
7 16 13 13 30 44 44 38 30 41 41 41 32 42 40 38 41 34 46 42 41 30 39 32 35 28 36 28 21 37 
969
10 9 8 22 20 18 38 37 40 39 38 41 30 37 43 40 56 48 32 40 39 28 32 42 33 37 29 31 46 37 
970
7 11 11 25 34 38 27 28 38 38 36 39 46 48 38 42 32 33 51 30 26 22 35 39 37 42 39 41 30 37 
971
10 13 13 23 37 32 30 43 41 41 38 32 26 30 50 36 40 33 39 35 50 32 28 41 31 45 30 31 28 42 
972
11 13 20 19 28 33 29 35 34 25 37 36 41 34 36 39 38 48 46 29 39 39 43 30 40 30 39 39 36 34 
973
10 15 11 18 31 38 29 43 29 41 40 31 41 39 44 35 38 34 49 39 33 36 38 36 36 37 30 31 32 36 
974
11 8 17 19 33 30 33 38 37 35 43 43 46 34 44 33 39 32 40 40 27 36 29 46 43 35 26 34 30 39 
975
15 16 15 29 24 23 42 30 31 38 43 33 54 28 40 44 33 45 34 32 35 37 42 32 29 39 42 41 29 25 
976
18 18 11 18 29 30 29 43 41 47 40 32 37 30 33 27 36 36 42 40 41 38 36 31 40 36 32 41 35 33 
977
7 21 22 25 33 24 33 41 40 36 37 37 38 38 50 35 29 29 37 30 43 42 39 36 40 36 29 27 35 31 
978
7 21 14 23 35 39 30 43 32 35 36 37 36 36 34 33 31 39 30 41 32 37 34 42 37 23 41 39 47 36 
979
15 16 16 22 41 35 33 31 41 45 36 38 38 38 32 40 38 37 33 36 29 39 37 42 34 28 36 33 32 29 
980
18 11 26 22 39 52 41 42 33 30 32 34 29 47 34 39 39 28 37 38 30 32 35 34 36 36 32 34 25 35 
981
10 16 24 21 39 33 41 33 29 34 37 47 45 36 39 33 32 44 36 37 33 28 34 36 31 30 40 31 32 39 
982
17 23 18 16 33 39 37 28 34 43 39 39 41 33 34 40 35 34 33 27 39 24 36 39 41 29 31 38 40 40 
983
16 15 22 25 39 33 37 32 30 42 34 29 35 31 41 28 38 45 44 33 36 40 32 44 24 28 42 32 31 42 
984
14 19 31 29 31 22 42 41 34 41 31 35 36 35 31 37 31 31 29 37 40 41 32 35 45 28 35 33 37 37 
985
13 16 24 22 48 33 36 40 27 45 31 29 46 26 30 33 40 37 32 40 43 36 34 31 38 34 31 30 40 35 
986
15 17 32 18 37 32 41 30 39 35 38 36 47 31 36 43 41 26 26 34 23 38 48 31 38 40 32 36 34 26 
987
8 18 23 20 31 33 38 36 35 38 39 29 40 38 31 41 38 32 34 43 39 32 32 38 39 28 35 45 35 32 
988
14 18 19 24 39 41 41 33 36 38 30 36 26 34 34 32 35 28 29 40 46 41 46 36 32 24 32 42 43 31 
989
21 21 26 31 32 29 45 33 35 44 30 34 32 40 37 39 26 33 29 30 35 41 31 36 28 32 32 33 38 47 
990
19 17 23 29 37 47 37 35 34 36 44 30 31 51 40 35 31 33 34 28 37 41 27 30 36 25 37 37 30 29 
991
13 22 31 36 45 39 30 37 33 31 29 31 39 38 36 33 32 39 42 31 27 30 36 43 32 39 36 25 31 34 
992
16 23 21 30 40 47 41 39 32 38 33 46 42 35 46 33 26 33 28 26 34 35 35 30 33 35 40 27 25 31 
993
17 22 20 30 32 22 38 46 50 23 49 30 37 32 34 25 40 25 24 41 45 44 31 34 28 35 52 28 29 37 
994
20 24 31 28 30 41 42 29 31 43 29 31 39 41 38 28 36 37 37 37 38 22 42 29 26 37 39 29 31 35 
995
25 18 34 36 34 39 50 34 39 45 28 37 35 37 31 38 30 36 41 32 37 19 34 24 25 41 29 35 23 34 
996
17 18 27 26 41 44 37 30 46 37 33 40 38 41 33 36 34 25 33 28 38 42 31 30 36 31 32 33 34 29 
997
15 18 25 31 34 32 26 38 35 46 32 33 39 36 30 31 46 32 29 42 23 37 38 36 34 37 43 28 33 41 
998
16 26 31 25 37 38 31 32 43 34 27 42 38 46 31 34 39 26 31 28 42 37 37 26 25 31 44 30 36 37 
999
18 20 22 31 24 28 42 34 33 50 30 42 38 46 31 39 39 36 30 30 41 33 33 27 38 30 34 32 28 41 
1000
19 23 34 30 28 44 35 46 29 44 39 42 44 26 31 24 32 35 30 31 31 48 36 37 29 30 22 30 41 30 
